0     64.39166331936148      94.22707857397992
1     65.46271613489688      95.17906373065573
2     67.51736569467701      98.54446194979325
3     67.23423000454892      98.55947443265424
4     67.65694383743799      100.35073591919678
5     72.8958801764172      105.05376725077686
6     73.95262023665254      106.75648190115429
7     73.15390207732149      107.80433466114036
8     73.39895194430196      107.90073880051199
9     78.71095666988049      113.84608120077235
10     74.32953126971017      110.86704570836584
11     78.7207388559473      115.37392898115911
12     80.76338886749215      116.77228280078666
13     81.83433134401179      119.63873880576101
14     81.47695663168216      119.89671830961673
15     84.28213154048139      122.31580833340898
16     88.06834807227283      127.0950805870191
17     87.02500372762032      126.85239938098931
18     89.14607369543967      128.78949510454012
19     90.52352234648828      130.18403413123542
20     92.5508150083886      133.6396068849294
21     91.2971872430535      133.43528492224956
22     95.39418892901669      137.65275574173955
23     93.45953325514152      137.23182187024926
24     98.1026559521156      141.4148337418041
25     98.94260720512962      143.14929542711204
26     99.52692200769174      144.10503879664478
27     98.89856005641967      144.68920996664679
28     102.07678816509787      148.09370167022317
29     103.13870060195123      150.05939395171453
30     102.52420282360876      150.0109088959766
31     101.52839762334261      150.67701203858468
32     107.50015492176527      155.9153852379053
33     109.287607850213      157.89458040591342
34     109.52577457208358      158.6868586332469
35     107.60051623442828      158.75491434837465
36     112.77686480070186      164.19210318283274
37     111.11856264059463      162.3734537549805
38     114.91572334634635      167.35551627803
39     115.98289387685341      168.81127608265945
40     120.52807964045728      172.67347268187092
41     118.89713028805916      172.76317659174543
42     120.82290900591042      175.05470974597162
43     122.17223746302497      175.97530977870088
44     119.69063002746726      176.45943879929303
45     123.59320633551847      180.5647488811566
46     125.57611414915729      181.86456923224264
47     125.25608350820717      183.50597422429692
48     131.0310731872859      187.8017703765346
49     128.21235208875484      185.5832374435824
50     128.12190056546623      187.0719911865431
51     134.33668353623958      194.37872232970042
52     133.56493041352124      192.87689260600976
53     133.29084931875173      195.08818093860006
54     134.04562955328743      196.18360260910114
55     136.90021276571971      199.7781505065819
56     136.2162451970177      199.63447632342323
57     135.62495907713327      200.27991072099496
58     137.4596508549614      201.72855846545826
59     141.74289082524504      206.80931939739747
60     142.15195029211512      207.44151219456708
61     141.700190029438      207.45775762082513
62     145.82446883181478      212.00463125056015
63     145.79755948420717      212.8520133755909
64     146.88379492379823      214.05714616496255
65     148.8578751711476      217.6667771875126
66     152.1155705542249      219.58038099108526
67     153.53386597755872      223.45306973713204
68     154.7357461723033      224.0606405489716
69     154.19217356346402      223.80754781772197
70     155.85587559811765      226.4375058705073
71     156.86947154010005      228.48991319850236
72     155.4871871327606      227.7696875827635
73     158.34913211980222      231.5683951975693
74     159.45336425568786      233.638850239643
75     164.57191881773778      238.69628357790228
76     162.80354103050266      237.08637198443353
77     163.112930213364      238.89964155343853
78     168.32055027657435      243.4065132151384
79     165.7582090206063      242.85723576398533
80     170.22270500458896      246.5711002225223
81     169.38186039961653      247.29681386711684
82     170.66987330656804      248.4965467288695
83     174.69096169502347      252.92337792367704
84     171.06839973834428      249.63043681697673
85     175.8131759137952      254.90580269138806
86     177.07711552306372      258.800086987562
87     181.6461375963502      263.8014484003406
88     180.7611866432152      263.1268328206029
89     180.14461780787653      262.49356846412377
90     182.9673913527419      265.7033131061549
91     182.425835752076      266.80543805590264
92     183.00797147669394      266.8254886779351
93     183.2036005892873      269.1312285203853
94     186.71614325405764      273.32063050515643
95     185.7260286084597      271.5377701959085
96     187.4549262684501      274.48035277900306
97     189.71732443432535      277.32515866913343
98     191.60192003631448      280.02227845347926
99     196.5150592632823      284.3004440183165
100     195.84514682881124      286.10596100692885
101     195.26698731306217      286.47455749446186
102     196.9053355890288      285.9201564260461
103     198.58269739403968      289.47669721654074
104     200.50956077986353      291.8152552750968
105     201.8551071950342      294.38827346119865
106     199.70289942590054      292.56844021827254
107     202.64816632020822      296.7855340012592
108     203.49895379839802      297.12160318368
109     203.99401414995734      300.4515518058859
110     206.7229759702567      300.5794706259525
111     207.36880501650995      304.1772807438331
112     211.6431162229194      307.9287635313716
113     211.13912877846852      308.559566695611
114     213.77547780512992      310.9729894105261
115     213.78466892209136      312.86402034520904
116     209.78578289727054      308.9343496651855
117     217.73106105429827      317.28973181152224
118     215.40845983925843      316.70615513152404
119     218.1943196360754      319.9448743487074
120     218.95938687572482      321.18775437016564
121     217.86860748961325      321.4848420419085
122     220.19698254488364      324.25978437068466
123     222.69885990117353      325.85784059063883
124     226.5842661504096      331.1246977685772
125     224.49255611131355      329.7592796233806
126     225.7345799022825      331.4578861366458
127     228.01639026227775      335.4302768765846
128     226.87390523052918      334.6462718574988
129     226.3768311029304      335.86761677103726
130     232.70124013829474      339.8508608363389
131     231.6270314112756      340.04094587119596
132     229.5318929009388      341.0061968343749
133     238.05503497489153      348.1975630207603
134     236.49899028305447      346.796512042315
135     238.5056293105592      350.8056682827108
136     237.79402104971322      349.988917089692
137     241.6607632166732      354.2469284713715
138     239.07985261165595      351.9072523775947
139     245.20698353019765      358.9413192941229
140     242.14852370937152      358.06313550954934
141     242.3110983268925      358.4909426956429
142     247.39946262509793      363.2465160301753
143     244.3271921971827      362.5073741766851
144     250.7191667602136      369.4668278277406
145     250.4011195050776      369.82059412596175
146     254.22331669200165      373.83682960979195
147     253.67314419609895      374.4099186174472
148     255.20580755141748      376.9302439622076
149     258.9040758063165      380.1337439280373
150     258.3061717278088      380.59843894745796
151     256.4186253152951      378.749098577005
152     260.09847050178894      383.8919463124364
153     262.2495136415833      384.37142084043785
154     261.78673207811664      385.29621748211764
155     262.1248570368005      388.658808668286
156     266.09535889798093      391.64624174612646
157     266.47778566120286      392.32386239991354
158     265.91944838938673      393.14486324520834
159     266.5634021526851      394.5394774500203
160     269.7303715876785      397.34462265893467
161     269.41871280483986      396.7535027382289
162     273.03351032735907      402.87398554843344
163     273.0937512802403      403.8086958825715
164     273.13062487621676      405.1310070819125
165     271.9804619196439      402.8293491868173
166     276.5087568794372      409.3625191586926
167     278.20586774562497      410.3664574165378
168     277.19418486915305      410.71032702590753
169     276.4213711933598      410.67506766513344
170     279.87796558204946      415.09923574786905
171     279.2351808060322      415.91653223828536
172     284.36513088769385      421.8762345802434
173     287.8493623395158      424.87436379601183
174     286.2501119599254      426.329657746013
175     290.8119406965371      428.3888661626728
176     286.75295745826736      424.43847406534337
177     285.6377296960133      426.695626280601
178     290.92621003366816      432.468635385671
179     290.81843271844417      431.49272297712577
180     292.6399078887834      433.5063890185023
181     293.1951194028163      435.3608236690034
182     294.0969743478795      437.29795015441067
183     295.1922970169984      439.88208913609674
184     298.9225912727563      445.12393047211225
185     295.6357236644415      439.51244986835576
186     304.060943377367      449.1406258677372
187     305.1095257266722      449.9969155441761
188     307.86370306168124      455.139157338544
189     303.12977477717834      450.8610568071305
190     304.31405035714      451.2251849926255
191     303.5734580781112      453.9744689874806
192     307.16724755411366      457.12591633564034
193     306.40381353590584      457.217778006691
194     312.4848966290733      463.3315561758113
195     312.0086539161576      463.44460310770984
196     309.7865777875837      463.53372677098673
197     315.9297692804195      470.6334314322514
198     313.3674147336536      468.7925470225019
199     313.8541882126221      468.2817123636793
200     317.27207370670186      473.89348229624795
201     320.4472955574866      476.6711266430466
202     318.27465522350116      475.95747816430367
203     321.31576326639583      478.78339003659653
204     318.39249766644696      476.7941518280589
205     324.7311742613818      484.8497258279622
206     322.70188094918416      481.554786562808
207     323.78934426112613      485.125821979582
208     328.93857503283243      490.0570619339266
209     329.30725678984106      490.99101032962903
210     326.5083630446225      489.56991861083907
211     328.36633692146506      491.87764180877457
212     334.3336007011721      497.709099139681
213     331.12875563395124      496.4451550835321
214     332.8343916063336      500.16747702846834
215     336.84447224117605      504.3998043242629
216     335.298243092155      501.78480748398107
217     336.4714374977564      503.4913791302887
218     337.94176525314367      506.07317550372323
219     334.6142388699354      504.1347854343868
220     340.228328281756      506.9860764212302
221     341.7530470917667      510.92097735224115
222     347.7161319353639      518.1347442550395
223     344.3275518237284      516.4715044090625
224     346.70366952132383      516.8574797946119
225     343.13798463253903      515.7711267512408
226     349.8060650817479      524.2992016852766
227     347.0093410236219      521.872046633975
228     348.93499771093906      522.8195323617576
229     352.19586141819      529.1776797443255
230     351.4891203960414      528.95629322981
231     356.23680555173434      530.7879400951884
232     355.6266010223413      531.5093277463321
233     356.2742824777067      535.1918257831895
234     361.1769059162824      539.7579156255682
235     359.41992691854085      538.8275722216879
236     363.80835885134474      545.3164164527545
237     361.1689280693896      541.4561942052256
238     356.8686673562818      539.6800045932854
239     363.61011340881936      543.8902504805654
240     365.3190659469697      547.359306940219
241     369.5065649219425      553.6125271156945
242     365.60631744165386      548.3966796460727
243     368.5584436162879      553.4450338084442
244     375.4289233762392      561.1389079785516
245     370.8093493655347      556.5890126115692
246     372.14887410703216      561.1821870811716
247     369.2411800338552      559.5279070600897
248     372.8152473847118      560.0597282991367
249     378.7799595966386      567.8314187595383
250     371.15461661814953      561.0084651340833
251     379.0397231384982      570.1365789626997
252     383.09723922986944      575.6629539459631
253     384.14881362879237      573.5640857813761
254     381.56577739800974      575.1715351844912
255     385.4970602730744      578.8686538928023
256     383.1623881020904      576.809413184075
257     385.3398532299089      579.6103023322584
258     391.4371875278876      586.576289543972
259     387.40762349515455      581.9245570742203
260     391.34522584767996      587.4396171854546
261     385.8449321403794      584.1031214954186
262     394.02906908993924      594.3718089542198
263     394.1810295245227      597.1466389433126
264     392.9915844722218      591.7567637679433
265     395.255760290613      595.3208256722296
266     399.17939234028165      600.8862604982119
267     397.5924942821413      599.9023278349122
268     401.7932619725472      606.1100003474841
269     401.39450880865013      603.332693842627
270     398.9173051537988      602.667904294606
271     403.5338399400072      607.4907200834618
272     397.7471032807318      605.1491628196279
273     407.8895778149498      613.4055987660159
274     404.31300289220667      611.2627517851921
275     403.165436017711      613.9541818196661
276     405.9122078616477      615.4712776064924
277     407.861067951912      616.5655145556342
278     409.66772017297774      619.7179034007152
279     411.6301492037034      621.413875014189
280     415.22463537952433      626.7983784395285
281     413.04604849525685      625.9084677224832
282     415.52263142833783      628.8440520574215
283     418.2384901451249      630.4835178542387
284     416.6602491324097      631.1308519300379
285     421.44003234462156      635.0528072516872
286     418.98270748761      633.4367794559397
287     423.63940215906734      637.2575884618371
288     422.4324348022783      636.7535137882825
289     424.85999549587046      642.7596112224242
290     423.9780817665947      641.818678595736
291     423.1843279724118      641.7881709581957
292     427.02952111396166      646.8734052669439
293     428.3977969561976      649.1471232209036
294     427.1555906349658      647.5849668068623
295     428.5115122791794      652.2023540803782
296     433.51367599513253      656.5113043334115
297     429.7939600172839      654.1801745447876
298     432.78603150597695      658.3470838954102
299     435.3899169333536      660.3042961718556
