0     0.0      0.0      0.0
1     4.848000394588203      57.64295444273728      21.604988446311314
2     5.530615186112634      106.20353251335361      39.61449044146646
3     7.852928073707565      146.9530744330761      52.81223908404959
4     10.321153448583711      181.82847274339105      63.70293686864364
5     12.80234538085482      213.75244657969282      71.93681670532418
6     15.255438320559218      241.5185245067204      77.44625999393503
7     17.67371477970017      265.2260709963935      82.99707711575132
8     20.03764476915265      284.97131267661604      84.79324091873606
9     22.433136802122586      301.9766390250966      87.78988178314775
10     24.80205130019618      317.0548193310613      89.0077029349578
11     27.221051919089767      329.8179545039531      89.82327430527727
12     29.494365188235413      340.9231401482059      89.89804833192255
13     31.734871400540076      348.40734916515305      89.17259603127333
14     34.061325363658305      357.84413875553804      89.94656297883395
15     36.53986833373646      361.9328132673542      90.11699214085515
16     38.629423456913415      368.2763232543112      90.18681670963949
17     40.929660608252476      370.2251979112018      89.4380811168477
18     43.08600016520946      371.7391106968592      88.50425967113001
19     45.56287314423747      375.9300349982488      89.53156893885546
20     48.09097761354792      377.30668687360634      89.3322670948158
21     50.358743343715794      378.0161025503069      89.6244415995259
22     52.54155425810369      376.2466521160813      89.47063824788323
23     54.56698492276799      375.7701150958469      89.68342489026976
24     57.13804748047531      378.3702910861415      89.08365557746079
25     59.354073991569045      377.50597627836777      89.08987790657096
26     61.83316552686185      377.9757004150845      88.84972107762586
27     63.963145729887664      378.6607128108483      91.22709584744536
28     66.41126582618415      376.34080015293785      90.24512820656182
29     68.97579816841458      379.081626789703      89.7648248129597
30     70.75005548376117      375.00405292166977      87.88198867294875
31     72.85480470702312      376.9093352672611      89.22691455464046
32     75.37170329655453      379.20008703601684      90.26441551886055
33     77.65317698156687      375.6981210934719      88.8805055343453
34     80.06464526152682      380.43601561026804      89.9511359392711
35     82.60419107382494      378.7323703953239      90.04452466327591
36     84.4571151545876      378.8882030077636      89.45900031909443
37     86.89551956725079      378.2969562355877      88.83733456710976
38     89.24755884639987      377.6219818486668      88.55546848240827
39     91.81567067754922      379.8138431264348      90.86142169065528
40     93.8174208121275      379.32802283596146      90.14517517132941
41     96.33105852176422      377.16949972250114      89.60676294781281
42     98.47827321036947      377.3495929424177      89.3323426071961
43     101.02963474019217      376.22638617559284      88.19618007991491
44     103.05729255493235      378.0860147119174      90.77320797220983
45     106.00430420274547      377.93474273409913      89.95627433334016
46     108.03379713188957      380.60059869362493      90.29724345544247
47     110.75250345761259      377.4301678211769      89.91972230661314
48     113.48768999831404      377.30788734593045      89.035057029872
49     115.35067049491202      377.1064957103911      90.06270406381982
50     117.56226528147339      375.1712018584166      87.07921446384957
51     120.03057300724672      378.4642173437593      89.29174052483683
52     122.0480543242493      379.2531269632365      89.02642738962571
53     124.29934992093482      377.2878149284846      89.41997383040557
54     127.05665045564214      378.2774546190728      90.07645802714266
55     129.6804871060858      380.6377935796597      89.51952425508127
56     131.96108861545815      380.667246581766      90.10722675667262
57     135.12080012493632      379.31051070822843      89.18955738832304
58     137.04212816790655      376.6134113674766      88.55834024846037
59     139.60358397412963      376.9363422184779      89.51218622325808
60     142.17245125839665      379.6635568711806      90.60304941978323
61     144.27462672370535      379.63555633591204      90.17169786499258
62     146.8883474730345      375.8047357955582      88.76248349499014
63     149.35485066506817      378.96186736440586      89.63745840869011
64     151.88586679611694      379.26777130681614      90.36248496020436
65     154.01993984288      378.1723683372165      89.66943664604008
66     156.80807659708114      379.0674669860572      90.23466333540402
67     158.96409534238825      377.27013940059356      89.67013446357329
68     162.04841325304182      377.50509343560145      89.83216944196708
69     164.1165802414999      378.34071489609016      90.40689933523537
70     166.88841154657567      374.4654798117919      88.72690020400955
71     169.48318122902708      376.9587471673594      90.34654939705861
72     171.98445223637881      376.8546862807819      89.17518673999949
73     174.31527568515236      377.88470389790444      89.20461296949907
74     176.7250231444827      379.953770509825      89.46822621042985
75     179.97748507707507      377.66040086120375      89.03273581773264
76     182.82014384697356      378.6557456135492      90.1193265724187
77     185.20885495350032      376.9289828594024      89.0634610015035
78     187.53846981541014      379.1618604538008      88.35159826007425
79     189.79281217262383      376.85725748833255      88.427326657606
80     192.9056293377358      375.61648971502314      88.27002186055194
81     195.84304517818447      377.71863962333595      90.01147715453739
82     197.66480689926      378.5512058033306      88.61111484420259
83     200.7293734432583      377.04796424288924      89.60188370676164
84     202.8205812146151      377.379955344134      90.01961935957262
85     205.77651656464536      380.22730107536063      90.7895588923692
86     207.90032692230875      379.0155142768574      89.85575461801047
87     211.4813601123342      378.3921061001429      88.50298201294491
88     213.5919760281533      379.6931559782969      89.43169424816645
89     216.14256377694096      376.0785055842085      88.6133950614458
90     219.1727859384881      376.90111521015194      88.83112052846641
91     220.99113388442484      377.981611175745      89.51729649747791
92     223.89184946428483      379.39921070748534      90.20658051020249
93     225.78763893988415      375.83260266534006      89.34172566273377
94     229.05948957419412      379.7080511264747      89.70286639634219
95     231.97348273536429      377.04490746414433      89.33716274156762
96     234.94339866462863      377.74301478558755      89.53639394878061
97     236.75789290453565      378.13607615984665      89.66131341623293
98     239.22350830847293      377.08808177815047      89.22268072047886
99     241.97005607035405      377.52700788353076      89.513415989635
100     244.19155077863732      375.07489810696626      89.17286790549234
101     246.27795204933327      379.3218415244197      88.45313964806115
102     248.76949174198538      377.99926421233783      89.18297325475349
103     251.0568407431616      379.1898785392913      89.4310753992631
104     252.1774562942644      377.684080936708      89.01801161249874
105     253.0932101124201      377.0177952066257      89.15182878970897
106     256.049538629083      379.50356571642584      89.85590841599294
107     257.76482455101626      379.4293411102373      89.62273960720012
108     258.91286793092013      379.1220256332283      88.93371077360844
109     259.84337657073826      379.4573362703191      90.43743710534126
110     260.1274315553677      377.7747702682206      89.2918155555526
111     261.2997155429696      378.98335848494315      88.94873174550293
112     262.1626668445948      379.0454016768283      89.70279842542926
113     262.7650389880025      378.973168424543      90.4249290917823
114     264.78852134367935      379.0656321006392      90.24062274293594
115     264.98129225078657      377.97866888382583      89.42636328874887
116     265.11489768165376      376.9169898459425      89.52923604521949
117     265.2833946009537      376.50709055067796      88.72865480818537
118     267.1060960116246      377.66967562518226      88.95062405252513
119     267.61301603825143      378.306267013057      88.84562816933776
120     270.00348049016236      380.07267560524525      90.15474876446793
121     268.9240342592651      378.36212607397243      89.28170485385492
122     270.1518060918984      378.07303201280706      89.95133244934595
123     271.7281836491446      379.8385198119478      89.70142645888014
124     270.631400452768      377.6789515272254      89.1435578552718
125     273.0361155385627      379.9726268960738      88.64691010585456
126     273.3968969658679      376.83395591481616      89.14427943449213
127     273.53034240567985      374.71641406979745      87.66586832132937
128     275.3094498652315      376.8533591337088      89.58180812431132
129     276.34842586555254      378.93013646879166      90.4793128997478
130     276.8598884422563      378.2995615536849      89.08330939404755
131     276.3919339864461      374.5402934742452      88.14733676687199
132     276.59655506836526      375.8802629661874      88.85777102698717
133     278.9367451773845      377.54290045422346      88.32468432435242
134     280.21282480500076      379.50624713388885      90.58548795554053
135     281.0571258183721      377.79616031200914      88.74707799424591
136     280.57424002758046      377.00500490340653      89.49802230032046
137     282.6724085259953      379.0948380326032      90.33735767048555
138     282.08173334443234      376.580956549242      89.27835763874387
139     283.2744236308459      376.4471372862907      88.53544745238025
140     285.2623857756932      380.32054644522066      88.86485865639276
141     286.01831352212037      379.45610395582753      90.4132572053103
142     285.4846428733745      377.2564252343693      88.13841065477935
143     286.62528502959657      376.0905352312866      89.01316105558375
144     288.37442185343315      378.5114413795528      90.4051300446809
145     288.75359178401703      378.9153102157335      89.16796851246238
146     289.1952499315789      376.5993067042183      88.01095573381079
147     289.74694591566174      376.63615555153325      88.70376031005384
148     289.84579409180105      375.5500587295898      88.56184813965639
149     292.56774064895563      379.2229965084574      89.31839903039146
150     291.81512643409786      378.5452012457773      89.9644924383212
151     291.9928696903862      376.2453489458771      90.01902752394064
152     294.438759591672      379.7487095742929      89.43660323876293
153     294.0917984688594      375.7638554030732      89.53382136515037
154     294.705251439235      376.49498529927433      88.6704298742039
155     295.70389619693174      376.70575818067334      89.115208520018
156     297.53816823133616      378.7317414873715      89.18055681362637
157     297.16631581291097      378.14455785621715      89.8836941353216
158     297.7735314570616      375.65447307939564      88.69094827095728
159     299.0216607613759      378.12202235008857      89.3635691779114
160     299.80309494895795      376.6665484544322      89.41526226645964
161     301.0822036900715      376.72362024498506      88.92966511061368
162     302.1102183849866      377.8503642405532      87.91378965867986
163     302.1782727643565      377.6375174517435      88.67953132355628
164     303.3014671433248      377.2462245801411      89.06332042744164
165     304.32025392249477      377.68255750224426      88.79247508059511
166     304.3898764489255      377.2977173107721      89.39313723633315
167     305.86492651832606      379.2438176496388      89.76602074390968
168     305.9628418079361      376.98117117025845      89.58395503706718
169     306.65116902028063      376.3180205883346      89.18415879238036
170     307.87410472079      377.7340108376616      89.97154693591159
171     308.7632876134119      378.5704028344736      89.88213576616903
172     309.0870041805619      378.1112962249601      88.87236099455194
173     311.0261648603605      380.41302440400943      89.91828249932045
174     311.37910508910045      380.62363074031674      90.0194308784099
175     311.91572035426293      378.5207194144516      88.99241669880415
176     312.3024508633335      377.3976829522524      89.61434118140777
177     313.15318850517133      378.91813509213694      89.48457266041652
178     313.04422111610427      377.6863146517005      88.93516682498814
179     313.149316702704      376.107391734009      88.71711103829409
180     314.5869353113022      378.8933841787048      90.12192054248881
181     315.8274044367155      378.05655784063924      88.29221382027733
182     315.78827285180193      378.77361922882875      89.51581043666744
183     316.12092917362384      377.0991546349381      89.66930522159211
184     317.09015652717596      375.9328070411369      89.54846905935345
185     317.97690010788347      377.9321956624776      89.98560576597184
186     319.5889987097194      380.6492798044308      90.72468629263803
187     320.4195614592833      380.2969594806837      90.27446059412117
188     320.0920132662389      377.82042368193754      89.9023689516865
189     319.5670112289561      376.91799246371073      89.26884459314378
190     321.5995191358311      378.25016836702804      90.0163660820154
191     321.88264534972416      376.934006122067      89.34023629431076
192     322.098104477256      377.2623452474322      89.29667959981332
193     322.9071184707532      378.3733776348034      89.0719093628894
194     321.91784283690976      375.84893358537045      88.86068893697961
195     323.90207688006353      378.7059129265501      89.39716505979587
196     324.51328997204376      378.87244700852716      89.02322939453346
197     324.87819164163847      378.24042245445366      90.61639906486887
198     325.0257954748894      376.4693978915268      88.79512642756657
199     325.4604436244247      377.26968462474264      88.62986451048874
