1     299.85637499999996      872.7541874999996      3577.0
2     317.43914400000006      905.5101599999999      3480.0
3     288.3091590000001      850.2496700869565      3279.0
4     288.58457699999997      862.5870848571429      3559.0
5     411.6401279999999      1002.1052818285715      3440.0
6     386.92711799999995      974.4389883870965      3329.0
7     438.0179129999999      1018.3722591176469      3582.0
8     305.01319499999994      886.4191259999998      3489.0
9     394.60365      967.0730303571427      3403.0
10     340.47852299999994      927.7414158857142      3355.0
11     333.69174000000004      913.9138559999999      3453.0
12     494.537094      1126.7119758857143      3637.0
13     297.91704599999997      880.319307085714      3422.0
14     285.28924500000005      844.6568080373829      3470.0
15     246.370563      817.7160672000001      3311.0
16     480.385422      1086.935476430769      3421.0
17     522.191979      1156.9789754999997      3505.0
18     339.6489840000001      951.145932521739      3546.0
19     359.41245299999997      914.8101178235295      3416.0
20     338.37505200000004      962.445546      3620.0
21     165.4767      723.3640427184466      3409.0
22     365.5527119999999      959.6854532571427      3481.0
23     239.37822000000003      796.0054223076924      3522.0
24     458.5248899999999      1035.8395064150943      3550.0
25     287.921799      825.5992029850747      3439.0
26     219.77765999999997      765.6186991304347      3715.0
27     362.823435      967.0379252054793      3448.0
28     250.127289      812.6136449999998      3405.0
29     249.08849999999998      799.5655945945947      3498.0
30     164.90789999999998      701.8063448275864      3312.0
31     358.182711      989.1316564615386      3402.0
32     277.790022      847.1587432320001      3387.0
33     236.608479      800.6775433043478      3413.0
34     355.66537500000004      909.3659538461538      3529.0
35     356.5379970000001      963.3697639534885      3602.0
36     359.0264700000001      976.5197639999997      3300.0
37     369.8979479999999      987.1139766857142      3400.0
38     304.63551000000007      867.9048498701295      3528.0
39     405.36486      982.1986510344829      3542.0
40     383.10533999999996      974.2778901818181      3545.0
41     348.75436499999995      949.1452379999998      3586.0
42     300.2579099999999      888.0050417142854      3465.0
43     376.0785089999999      959.9615749565213      3392.0
44     405.0293489999999      1009.5804172173912      3310.0
45     297.458757      859.2877440000001      3363.0
46     278.523      837.6589565217394      3464.0
47     375.94701899999995      976.397045707317      3404.0
48     362.061945      977.0955501176471      3557.0
49     387.0965970000001      1001.9558936571433      3493.0
50     197.45631      740.4568722580644      3478.0
51     390.024927      1018.7111285217394      3494.0
52     295.07598900000005      859.3315141621623      3474.0
53     186.70437      727.451680909091      3641.0
54     371.25332099999997      941.176508869565      3442.0
55     255.51305999999997      841.9043863636365      3508.0
56     391.002516      988.7760530526313      3379.0
57     414.056259      1049.5839724615385      3485.0
58     388.41974999999996      979.6237826086956      3305.0
59     303.80724      858.678786      3386.0
60     325.550394      911.1772455652175      3432.0
61     402.8582430000001      1014.57028173913      3377.0
62     308.477241      851.6467520597016      3726.0
63     354.91262399999994      952.7018441142857      3549.0
64     255.201066      813.2303633258429      3592.0
65     247.47264      796.7735029213482      3547.0
66     331.62495299999995      898.6293802285714      3427.0
67     300.132225      878.1170399999999      3487.0
68     412.5287429999999      1003.9361806956522      3438.0
69     432.1666439999998      1020.173009258427      3549.0
70     122.37120000000002      676.0872      3417.0
71     356.10655499999996      947.115550588235      3521.0
72     394.46458200000006      1030.0021291139242      3521.0
73     262.24587      818.87868      3459.0
74     343.0213380000001      933.4516445217391      3417.0
75     331.07778899999994      894.8051919402989      3354.0
76     331.612344      922.8296945454542      3475.0
77     469.04673599999984      1059.030533647059      3484.0
78     330.7069259999999      932.2333129014086      3397.0
79     268.783479      819.5834789999999      3468.0
80     230.99300100000005      782.2852951764704      3288.0
81     318.65093099999996      907.7677217999999      3570.0
82     246.59532000000002      796.7098285714285      3201.0
83     280.547568      850.2526902857146      3474.0
84     408.7036529999999      1027.7381499718308      3660.0
85     249.802236      818.310582927835      3235.0
86     381.52403999999996      970.4507862857141      3534.0
87     327.20520599999986      926.0609634782608      3446.0
88     188.42634900000004      745.9223830434784      3500.0
89     338.95737      930.2193000000001      3514.0
90     283.903443      825.0888675223881      3487.0
91     314.48384100000004      888.6891925531917      3488.0
92     230.56551000000005      766.5559664516129      3511.0
93     140.58810000000003      680.491694117647      3433.0
94     117.86850000000001      669.4943478260868      3601.0
95     199.22490000000002      748.1883130434783      3302.0
96     360.889794      947.0796036923073      3499.0
97     248.801571      819.2509791428574      3431.0
98     174.87693      731.0950815189873      3661.0
99     278.613      830.2296880733943      3561.0
100     387.028818      1016.3134162285712      3403.0
101     243.77409      807.0623530434784      3281.0
102     391.42854      987.41304      3582.0
103     280.046151      838.4921876571428      3369.0
104     397.29392999999976      1033.1732660869575      3495.0
105     288.65133000000003      874.4597255172412      3312.0
106     316.2065309999999      894.1572158399996      3460.0
107     131.5566      683.263095652174      3287.0
108     506.0854350000001      1133.8063941176474      3450.0
109     292.463568      854.533660235294      3547.0
110     340.84197000000006      896.9246685      3360.0
111     305.6313689999999      907.9639786285716      3466.0
112     238.34700000000004      782.2000588235293      3460.0
113     252.992907      811.0914120000001      3435.0
114     335.0875499999999      941.5263342857143      3467.0
115     305.4175379999999      893.5884736941177      3439.0
116     320.99864399999996      925.0768244571428      3565.0
117     297.238851      868.7595744000001      3370.0
118     323.657973      908.3581416000001      3569.0
119     259.50654      835.3899860869566      3309.0
120     264.48561      826.7332021276594      3501.0
121     380.32347599999997      977.7555910112358      3825.0
122     371.2430520000001      960.704521043478      3672.0
123     368.951409      956.5828143370786      3509.0
124     308.99228400000004      887.0141876210528      3517.0
125     298.89305100000007      881.8155344347825      3317.0
126     285.06978000000004      852.1185523404257      3634.0
127     226.34639100000004      806.2260743661972      3303.0
128     145.96173000000002      693.2449565217389      3404.0
129     258.22055700000004      832.8839596363638      3300.0
130     354.80689199999995      946.7731378285714      3687.0
131     315.308259      905.1537793846154      3300.0
132     336.53906999999987      924.368552876712      3443.0
133     454.001238      1073.8665078260867      3447.0
134     286.94732400000004      845.9194311529411      3310.0
135     384.841719      987.4352111707318      3599.0
136     280.54764      851.475054065934      3496.0
137     316.33377299999995      919.6566886285714      3686.0
138     321.25194000000005      872.7521710344829      3578.0
139     371.812005      974.1016095652172      3228.0
140     444.09798000000006      1038.2277497142852      3367.0
141     359.96940000000006      920.158877922078      3501.0
142     245.32407000000003      804.7745386363637      3492.0
143     354.740283      926.3637735652172      3712.0
144     339.98644799999994      947.763059478261      3542.0
145     360.95757299999997      988.6408127999998      3406.0
146     407.870406      1025.933995542857      3361.0
147     258.27533999999997      806.8709742056072      3392.0
148     227.61720000000003      783.4132799999999      3564.0
149     307.5900840000001      885.927519771429      3408.0
150     296.86185000000006      856.149809433962      3389.0
151     345.11244300000004      925.6497933913043      3396.0
152     340.87023      895.299423428571      3467.0
153     214.542981      779.8956840000001      3250.0
154     333.67837499999996      911.7288000000003      3366.0
155     319.347396      921.7900970526315      3409.0
156     451.9236689999999      1049.570128173913      3405.0
157     336.852459      921.0741816198349      3637.0
158     379.59066899999993      981.6144788571426      3397.0
159     255.64664700000006      826.7642646428574      3255.0
160     239.31378000000004      788.1947279999996      3362.0
161     268.6508640000001      828.9893129142857      3783.0
162     173.40300000000002      723.7162568807339      3266.0
163     309.6006030000001      872.1510543716814      3541.0
164     90.1413      644.3675999999999      3405.0
165     384.84173699999997      954.162468      3391.0
166     300.850083      865.6544628433735      3546.0
167     360.03501      954.9174991304349      3318.0
168     246.63468600000002      815.1031512000002      3313.0
169     308.78960399999994      873.7010074285721      3495.0
170     110.4075      655.4183823529412      3358.0
171     138.05199000000002      687.69288      3650.0
172     392.02173899999997      989.9682292173915      3716.0
173     294.89615999999995      881.8649843478262      3413.0
174     271.46295000000003      824.9759217391303      3617.0
175     381.634677      994.4739187826083      3448.0
176     205.48395000000005      760.5369113924053      3387.0
177     371.55973499999993      1000.207481707317      3429.0
178     279.6291      848.5254720000003      3514.0
179     316.496214      914.1314399999995      3548.0
180     263.69699399999996      829.7499067826084      3439.0
181     251.39241000000004      805.9716096428574      3433.0
182     237.23163      805.2896329411765      3234.0
183     266.7851010000001      846.928566      3667.0
184     328.76528399999995      918.5829980869565      3421.0
185     258.780096      833.2041024      3261.0
186     384.3847349999999      953.3412991011238      3404.0
187     149.73029999999997      709.45812      3298.0
188     305.88381      897.7929300000003      3155.0
189     206.38865700000005      778.6289136315788      3478.0
190     287.0963730000001      844.5258084705879      3478.0
191     414.50601599999993      1013.6070843428572      3413.0
192     363.326094      963.083077590362      3390.0
193     198.33218999999997      754.3941120000001      3464.0
194     310.90624199999996      886.3933248      3432.0
195     242.85555000000005      806.7765375000001      3536.0
196     272.11005      850.8047707317075      3344.0
197     391.492152      1014.6865823999999      3495.0
198     237.92967900000002      791.928640173913      3413.0
199     280.21388399999995      894.9594678260862      3419.0
200     358.227468      951.3880804660193      3548.0
201     432.03642299999984      1036.4941723500003      3605.0
202     403.864344      1037.464339662651      3327.0
203     353.9829149999999      946.5362139130436      3300.0
204     352.879668      965.4128389565217      3403.0
205     218.299581      798.357996      3098.0
206     322.12184400000007      904.9140020571429      3400.0
207     260.93925      825.0504428571426      3679.0
208     305.73332100000005      887.7480057391306      3407.0
209     329.3951399999999      915.4120382608695      3431.0
210     317.13448500000004      906.0366208695655      3319.0
211     225.05985      788.40675      3424.0
212     194.7222      752.7110025974026      3362.0
213     302.12136000000004      857.0908021621623      3473.0
214     230.003577      796.2379487999999      3346.0
215     345.16863900000004      918.6285052173912      3461.0
216     369.36731699999996      939.1038048      3520.0
217     298.544517      848.0485169999996      3699.0
218     360.82665      914.3717949152541      3543.0
219     241.77483900000001      810.5358111780821      3321.0
220     410.40370800000005      1009.2351250285716      3568.0
221     138.29904      691.7001119999999      3321.0
222     408.5864099999998      975.8556469565222      3508.0
223     189.81306      740.5252559999999      3464.0
224     130.51026000000002      672.3097714285716      3379.0
225     365.196663      950.8786626857143      3509.0
226     256.37165100000004      818.9623314782608      3510.0
227     420.518016      1014.1775248695654      3542.0
228     275.95808999999997      834.4497443478261      3456.0
229     312.741324      899.7647301818179      3381.0
230     364.21722000000005      959.9632290000003      3282.0
231     302.469237      857.6902380821917      3476.0
232     301.104108      907.3430859130439      3268.0
233     449.6994899999999      1069.1410254545456      3277.0
234     301.32162      892.2361062857145      3562.0
235     314.38899000000004      874.9611966315789      3606.0
236     278.004978      851.4384504827589      3628.0
237     504.68908499999975      1179.667196202532      3591.0
238     284.35470300000003      853.6256087323942      3564.0
239     259.78293      818.147203902439      3534.0
240     274.74045299999995      829.7331777931036      3459.0
241     255.4370100000001      809.9244706542057      3493.0
242     304.760439      879.7865161395348      3459.0
243     395.741727      999.5696923943661      3547.0
244     373.506597      975.2362168695653      3272.0
245     334.10565      908.4563999999999      3497.0
246     319.60856700000005      879.5993692235295      3675.0
247     216.04616099999998      766.8461609999998      3357.0
248     264.58929      817.3655280000002      3354.0
249     255.16388700000005      819.4931181818182      3223.0
250     342.915507      937.3819983428574      3519.0
251     176.70528000000002      727.8953759999998      3403.0
252     354.64914000000005      944.5024800000002      3620.0
253     333.94805999999994      902.2695349450547      3501.0
254     393.8822100000001      1017.2491753846157      3431.0
255     216.8496000000001      766.1275902439023      3451.0
256     273.435957      853.2295130454547      3372.0
257     307.3914      871.4084869565218      3406.0
258     139.57785      694.6838526315789      3294.0
259     318.621123      902.2814341463412      3648.0
260     281.88594000000006      846.5061599999998      3407.0
261     317.4756569999999      896.5459283478261      3421.0
262     293.79329999999993      866.8138344827584      3431.0
263     251.66645999999997      817.9204731428572      3436.0
264     353.5217909999999      946.8185290434785      3252.0
265     345.24837      931.8817716279067      3384.0
266     363.996999      957.7265893714286      3561.0
267     336.906972      952.6691663999997      3350.0
268     158.9247      712.9598400000001      3502.0
269     328.77184500000004      925.0316686956523      3503.0
270     294.85791900000004      868.3515581538459      3161.0
271     201.69369      755.0600869565218      3639.0
272     309.100113      880.5677374285715      3560.0
273     321.63147899999996      879.7995977142856      3598.0
274     325.7336879999999      905.3199913846154      3380.0
275     331.15319999999997      894.6139764705882      3221.0
276     364.57697699999994      940.539499714286      3520.0
277     236.4516      803.1492000000003      3599.0
278     283.93799399999995      864.94106016      3401.0
279     266.29800300000005      834.0761770434783      3337.0
280     347.07047399999993      933.9087557647058      3336.0
281     330.75697499999995      920.5052086956521      3393.0
282     352.122444      940.4450107826088      3347.0
283     388.401921      978.8032753043476      3709.0
284     364.45190400000007      956.4284792195123      3510.0
285     212.4729      754.8722873239435      3518.0
286     399.1919129999999      1014.4022505882355      3437.0
287     289.87352999999996      853.4674800000004      3578.0
288     110.18457000000001      662.2162278260869      3492.0
289     261.53588700000006      841.9621821081081      3274.0
290     378.558567      975.8402943428572      3303.0
291     320.34652199999994      900.0167226923076      3424.0
292     371.62715399999996      961.8464751428573      3553.0
293     221.72913000000005      778.3156643478261      3445.0
294     289.69401600000003      875.1460263896101      3347.0
295     330.81887700000004      911.7875770434783      3330.0
296     287.023059      848.5765380000001      3338.0
297     387.83582099999995      991.5729166956521      3616.0
298     308.334843      891.1095027428571      3563.0
299     205.18785      750.3271608247424      3540.0
300     214.72740000000005      753.7176      3402.0
301     224.5347      775.8005806451614      3623.0
302     313.6384709999999      890.9157024000001      3485.0
303     343.822779      923.3366408780489      3539.0
304     423.51995699999986      1026.8881677209301      3561.0
305     285.30022500000007      863.5089521739127      3582.0
306     301.95035999999993      851.0351740540541      3400.0
307     279.63837      844.3231690909087      3590.0
308     335.644821      920.790067943662      3313.0
309     179.91629999999998      710.800817910448      3351.0
310     204.76197000000002      758.0084399999998      3233.0
311     293.503041      839.9264269090908      3306.0
312     326.17359      917.1967065168542      3455.0
313     273.869397      852.6793403076922      3560.0
314     208.628667      770.2601806956524      3519.0
315     334.25203500000003      903.592321714286      3481.0
316     142.37469      696.5578641758241      3565.0
317     322.06365      893.4599720930232      3297.0
318     324.86148900000006      927.0007213670888      3452.0
319     221.56912799999998      793.9721520000004      3396.0
320     393.14723399999997      1002.5261576470588      3479.0
321     317.17099799999994      889.6769060869565      3454.0
322     214.97129999999999      757.5089284403671      3491.0
323     343.55934      925.1601261971829      3318.0
324     274.87323000000004      827.9323962352942      3530.0
325     210.91680000000002      764.0104186046511      3242.0
326     360.10062      954.9910330434784      3478.0
327     313.60166999999996      901.1361853521129      3353.0
328     316.53702      875.4683753271028      3415.0
329     324.41448600000007      938.9453831999998      3252.0
330     278.53883099999996      854.5911761739129      3471.0
331     364.38453899999996      969.9630886956519      3410.0
332     336.26295000000005      875.8666184210526      3421.0
333     301.73752800000005      910.2650587826092      3367.0
334     328.888944      956.3492962025318      3238.0
335     518.7069449999998      1141.6471826086954      3423.0
336     207.79659000000004      763.5089159999997      3443.0
337     195.03603      752.006772      3568.0
338     279.93276      853.5065516883117      3515.0
339     469.21190400000006      1096.098572712329      3347.0
340     270.01809      834.4944372413795      3411.0
341     237.02684399999998      814.2901734857145      3511.0
342     340.754085      932.5088295652171      3519.0
343     336.73689899999994      939.4195930434784      3509.0
344     176.9805      739.8387341772154      3229.0
345     203.55687      750.1193959550561      3596.0
346     444.904254      1075.6645168695654      3612.0
347     373.7999879999999      1019.283318      3436.0
348     210.61736100000002      769.3222866067415      3612.0
349     409.3671689999999      1050.4705085217397      3570.0
350     313.16508      916.1475339130432      3386.0
351     313.28091      873.404018901099      3505.0
352     137.10906      695.8633552941177      3486.0
353     272.52810000000005      818.6163652173914      3524.0
354     302.370966      882.7481345142859      3527.0
355     335.9685780000001      931.0581928421049      3447.0
356     353.45047500000004      926.6261086956525      3293.0
357     265.116924      855.9820418313255      3370.0
358     306.6953489999999      909.2247839999999      3321.0
359     233.63734499999995      795.900822352941      3350.0
360     317.28538799999995      911.1386066086955      3355.0
361     299.57625      860.981086956522      3395.0
362     415.6911179999999      1041.7491298285715      3436.0
363     256.955895      832.7985145714287      3321.0
364     259.589808      833.342292      3382.0
365     268.1154      825.2545846153846      3644.0
366     362.384703      936.9257713043479      3617.0
367     228.36330000000004      784.9506342857143      3335.0
368     241.55846100000002      768.9972223384616      3487.0
369     293.37525      860.8409999999999      3376.0
370     334.14159600000005      923.1423346285716      3281.0
371     368.10504      982.5249417721521      3373.0
372     255.604284      812.797776      3321.0
373     339.91898399999997      930.469248      3530.0
374     356.55867900000004      959.9156331428571      3520.0
375     352.14212699999996      932.8732548387095      3522.0
376     401.04782099999994      999.1458683265306      3350.0
377     401.55957899999987      1005.7208561999996      3280.0
378     328.54255199999994      914.0746669714284      3400.0
379     312.4415160000001      904.3322584186047      3644.0
380     312.86756699999995      895.6861027826083      3283.0
381     338.11370999999997      910.3071731707315      3423.0
382     324.13536899999997      907.9137137647061      3368.0
383     349.1275049999999      962.4263297142861      3289.0
384     225.07953300000003      784.8034904571426      3413.0
385     320.77584      910.1177530434785      3439.0
386     270.14931      830.0543791304347      3385.0
387     383.78727      972.999688695652      3261.0
388     284.18985      852.7459304347825      3446.0
389     182.45313      743.3084931428572      3306.0
390     236.78577000000004      796.3993095652171      3587.0
391     374.2855019999999      965.3033520000002      3394.0
392     374.4618209999999      992.2203266086958      3411.0
393     329.5448999999999      913.5685542857145      3237.0
394     237.31065      796.825264864865      3327.0
395     144.7686      704.9808000000002      3382.0
396     201.01491000000004      751.8149099999998      3549.0
397     361.851408      966.150907826087      3377.0
398     294.37866899999995      870.8297384347827      3379.0
399     369.29100600000004      950.9642508292683      3540.0
400     202.55535      765.4066729411762      3374.0
401     244.68606900000003      815.7584736000002      3406.0
402     159.8589      710.0692199999997      3350.0
403     194.71893300000005      754.4795932173915      3320.0
404     268.98701400000004      829.5189162352941      3552.0
405     271.4625089999999      862.6628674285716      3503.0
406     306.53393400000004      889.0270489756099      3374.0
407     327.33684      892.2300923076922      3469.0
408     304.00407000000007      859.3982139130432      3674.0
409     322.1286839999999      880.6131098181818      3514.0
410     279.823788      853.6038824347829      3210.0
411     285.95376      828.2898291891892      3510.0
412     367.12774799999994      963.6083555294117      3601.0
413     286.253712      870.6271554782611      3535.0
414     462.20904900000005      1085.5811448      3472.0
415     223.85389500000008      788.3676344680849      3388.0
416     264.83490000000006      825.3064883720931      3501.0
417     324.14634000000007      904.5670539130438      3517.0
418     281.49983999999995      821.6913265116278      3468.0
419     191.22048000000004      743.0775447272727      3505.0
420     391.31315099999995      995.5374088695652      3461.0
421     245.19312000000008      825.6225248780488      3294.0
422     373.065156      962.7815228108109      3167.0
423     372.41019      930.6547527272727      3712.0
424     292.530735      856.1888686956523      3650.0
425     241.799229      808.5122389565215      3419.0
426     333.49679100000003      897.138276428571      3559.0
427     407.104776      1020.262006588235      3707.0
428     402.701193      1022.4815994782605      3604.0
429     212.97420000000005      756.8205882352939      3248.0
430     265.85955      793.5086454545458      3598.0
431     275.135571      880.0482851999997      3386.0
432     199.35      748.8117391304347      3344.0
433     223.75548      792.6812861538463      3322.0
434     264.05073000000004      815.1020765217394      3441.0
435     386.71920900000003      999.8162806500004      3513.0
436     280.23030000000006      835.0938650602411      3437.0
437     325.49790599999994      914.4052623797468      3504.0
438     256.98366      798.88176      3360.0
439     454.83850800000005      1050.6160556619716      3491.0
440     242.91333      798.353634857143      3405.0
441     361.070649      979.2887194285718      3408.0
442     380.632698      988.6464809999998      3491.0
443     218.765313      778.0721055652173      3243.0
444     377.29300499999994      967.4713575000004      3371.0
445     319.00727700000004      877.3082890434786      3532.0
446     378.37956599999995      981.5892636521739      3289.0
447     273.95469      842.6876081012659      3420.0
448     205.54929      761.3659858064515      3616.0
449     275.52933      827.2119130434784      3484.0
450     239.61156300000002      802.7311918309858      3515.0
451     278.507025      852.7717565217389      3259.0
452     129.6414      675.1066784810125      3471.0
453     299.01515399999994      892.5630469411766      3498.0
454     226.78109999999998      786.4766608695653      3388.0
455     240.39747000000006      783.768555      3499.0
456     406.204767      1006.3973390399997      3428.0
457     317.8795859999999      901.1738283428572      3382.0
458     409.046607      1010.5024726285715      3437.0
459     209.54720700000001      765.4989866086955      3411.0
460     328.64206499999995      917.2094327999997      3561.0
461     263.91635999999994      817.2763030588236      3490.0
462     167.6421      718.0776000000002      3424.0
463     370.1545109999999      967.2744790285715      3335.0
464     341.104383      910.5627774193547      3521.0
465     205.1298      759.6955636363638      3616.0
466     242.2836      789.0595199999999      3436.0
467     329.19831      884.2273199999998      3616.0
468     324.34687799999995      899.1220032000001      3413.0
469     236.61038699999997      798.7117016103897      3498.0
470     402.41906999999986      1028.7252626086956      3411.0
471     320.07266999999985      894.8947068493153      3425.0
472     285.44075999999995      842.7985541052632      3260.0
473     315.030258      903.593548314607      3651.0
474     245.29509900000005      808.3681056      3468.0
475     243.39869999999996      789.6754285714287      3502.0
476     297.344655      876.4084825714284      3567.0
477     277.16672700000004      849.5051399999995      3539.0
478     337.50553499999995      922.4185808571428      3453.0
479     315.0152819999999      923.2174393043477      3277.0
480     264.49929000000003      808.1013985714286      3528.0
481     478.626525      1125.783508695652      3445.0
482     239.72309999999996      780.6830086956522      3468.0
483     263.6127      808.0331881188116      3483.0
484     310.955589      871.6188589411763      3442.0
485     266.14953900000006      830.9602686857143      3154.0
486     296.95314600000006      899.6851133999996      3274.0
487     293.80161599999997      893.6355538285715      3222.0
488     107.1999      657.9998999999999      3307.0
489     295.34355      855.657147272727      3572.0
490     380.06331300000005      966.5072070447762      3810.0
491     381.168018      960.0113238260869      3434.0
492     305.61436800000007      869.9968182857141      3510.0
493     375.4458000000001      975.8523130434784      3614.0
494     412.49583899999993      1028.5243081714286      3297.0
495     356.17599900000005      964.4388559480519      3373.0
496     368.12647799999996      990.8453735999994      3455.0
497     409.95466200000004      996.936439304348      3507.0
498     340.40779200000003      940.5726573913041      3397.0
499     296.8394580000001      884.3662211707317      3396.0
500     242.78238      797.9690297872338      3611.0
