1     1510.0     232.77538655674687      1945.4011570709165      305.7257143157734
2     1520.0     233.6091682226962      1945.4011570709165      284.8637398564675
3     1530.0     234.85358946612067      1945.4011570709165      286.7531695140464
4     1540.0     238.79824911792826      1945.4011570709165      273.2368939984596
5     1550.0     240.5246218735359      1945.4011570709165      309.60439840419383
6     1560.0     241.80599875504305      1945.4011570709165      244.87818610146613
7     1570.0     243.67204268846834      1945.4011570709165      282.01656355437615
8     1580.0     246.21619759504813      1945.4011570709165      232.75141515317955
9     1590.0     248.0276528733854      1945.4011570709165      312.35025223712245
10     1600.0     248.68530696067876      1945.4011570709165      302.3407214675899
11     1610.0     250.1762659469818      1945.4011570709165      302.6259156439651
12     1620.0     252.18906996706528      1945.4011570709165      263.9530275731221
13     1630.0     253.64099913848005      1945.4011570709165      264.1879049439346
14     1640.0     255.1883723869125      1945.4011570709165      312.7791252816164
15     1650.0     257.2425537378725      1945.4011570709165      318.1651156531787
16     1660.0     257.5023355112555      1945.4011570709165      349.4392214053379
17     1670.0     259.16075950110917      1945.4011570709165      289.01607511048934
18     1680.0     261.87795985031136      1945.4011570709165      272.50292767111483
19     1690.0     263.57395801324645      1945.4011570709165      270.9787905792207
20     1700.0     267.56759537760024      1945.4011570709165      272.56046056567686
21     1710.0     269.4428638493317      1945.4011570709165      282.424841414165
22     1720.0     270.62134056351744      1945.4011570709165      281.9775816947737
23     1730.0     272.5965501399636      1945.4011570709165      286.42823775297427
24     1740.0     274.8266759717945      1945.4011570709165      277.43771780886243
25     1750.0     275.9312781196776      1945.4011570709165      296.7317621059725
26     1760.0     277.9563403253282      1945.4011570709165      317.69675087689666
27     1770.0     279.56353915751623      1945.4011570709165      291.8160519378467
28     1780.0     281.29845709188896      1945.4011570709165      263.6150745807512
29     1790.0     283.4658373078223      1945.4011570709165      287.0039020811834
30     1800.0     285.35184808822873      1945.4011570709165      300.4771150139019
31     1810.0     286.6788120534674      1945.4011570709165      260.9577944259632
32     1820.0     288.040733855628      1945.4011570709165      262.2283906530073
33     1830.0     289.70271811623445      1945.4011570709165      286.46393848047063
34     1840.0     291.11157900512967      1945.4011570709165      332.42320395453226
35     1850.0     293.02531175688324      1945.4011570709165      232.52594393230825
36     1860.0     294.1862736729567      1945.4011570709165      294.3589867908076
37     1870.0     295.93292750736265      1945.4011570709165      301.8312938119792
38     1880.0     297.23740558730213      1945.4011570709165      306.33353202018884
39     1890.0     299.64131708204104      1945.4011570709165      305.4470692910555
40     1900.0     301.5143081571678      1945.4011570709165      289.78151135293757
41     1910.0     305.0466867113742      1945.4011570709165      267.4529900011572
42     1920.0     307.28854556973647      1945.4011570709165      294.30295311585144
43     1930.0     308.6902943638059      1945.4011570709165      295.5153701548143
44     1940.0     311.07904645896866      1945.4011570709165      254.92182960419285
45     1950.0     312.32971027271725      1945.4011570709165      251.89812591170445
46     1960.0     313.75559609621723      1945.4011570709165      249.92761846127004
47     1970.0     315.6083786826494      1945.4011570709165      317.9446169701675
48     1980.0     317.1766654332373      1945.4011570709165      287.06070758213656
49     1990.0     318.95062315998103      1945.4011570709165      296.877606308397
50     2000.0     320.1229527700707      1945.4011570709165      275.95773630581044
51     2010.0     320.7801751289548      1945.4011570709165      255.5744911772585
52     2020.0     322.2918601947379      1945.4011570709165      273.191951967146
53     2030.0     323.6151862695365      1945.4011570709165      327.4063496624135
54     2040.0     325.8586680033716      1945.4011570709165      305.8892950455993
55     2050.0     326.7027427526076      1945.4011570709165      245.53767152334524
56     2060.0     331.06716412314944      1945.4011570709165      199.90735564073097
57     2070.0     334.86041509782655      1945.4011570709165      277.69014945242105
58     2080.0     336.22030814689225      1945.4011570709165      318.58171994748153
59     2090.0     337.4805543380141      1945.4011570709165      328.28093266438344
60     2100.0     339.5319791292131      1945.4011570709165      352.0387742993722
61     2110.0     340.9476761668488      1945.4011570709165      244.51256174494762
62     2120.0     341.9991117552671      1945.4011570709165      250.7904224245714
63     2130.0     343.04616513249783      1945.4011570709165      272.5683779649965
64     2140.0     344.96906270991275      1945.4011570709165      344.822453160007
65     2150.0     345.9656310871808      1945.4011570709165      268.3379464943759
66     2160.0     347.5526087987995      1945.4011570709165      312.82117193525625
67     2170.0     348.4832956217782      1945.4011570709165      258.8921966344008
68     2180.0     352.2126697188997      1945.4011570709165      291.0765787966686
69     2190.0     352.8976723772421      1945.4011570709165      305.6543288238717
70     2200.0     355.8842417729922      1945.4011570709165      261.6031556646285
71     2210.0     355.9850815400386      1945.4011570709165      258.2844302088367
72     2220.0     359.94438387896304      1945.4011570709165      275.1479663399731
73     2230.0     360.14880949301926      1945.4011570709165      309.58147006165643
74     2240.0     360.4230915625879      1945.4011570709165      259.780455630388
75     2250.0     363.9942137065309      1945.4011570709165      314.51874474274246
76     2260.0     364.19863932058706      1945.4011570709165      283.78595544467066
77     2270.0     364.59724360889015      1945.4011570709165      309.30686325495645
78     2280.0     368.42760190802886      1945.4011570709165      273.7727209241903
79     2290.0     364.70639470129333      1945.4011570709165      272.02406238444
80     2300.0     365.39139735963573      1945.4011570709165      293.80454507977436
81     2310.0     365.50081518135426      1945.4011570709165      227.593559029026
82     2320.0     365.8935874949486      1945.4011570709165      286.6648678300125
83     2330.0     366.65245481437694      1945.4011570709165      309.07976649545145
84     2340.0     366.7474626067146      1945.4011570709165      309.2383606579376
85     2350.0     366.879063550353      1945.4011570709165      269.64914915720647
86     2360.0     366.98848137207153      1945.4011570709165      316.7035939765693
87     2370.0     367.2043450400873      1945.4011570709165      308.856779668093
88     2380.0     367.2993528324249      1945.4011570709165      273.55976260746127
89     2390.0     368.64032026294393      1945.4011570709165      268.3335287958038
90     2400.0     368.79298952448863      1945.4011570709165      234.85454649151617
91     2410.0     368.94558564404656      1945.4011570709165      271.96253101735874
92     2420.0     369.077186587685      1945.4011570709165      308.67295811829786
93     2430.0     370.29517520744344      1945.4011570709165      239.9168958687191
94     2440.0     370.35613184418384      1945.4011570709165      326.33077213826306
95     2450.0     373.08733205225917      1945.4011570709165      291.45649368399245
96     2460.0     373.4579212439336      1945.4011570709165      288.15643069556455
97     2470.0     373.518877880674      1945.4011570709165      308.06794066309595
98     2480.0     371.2261601820342      1945.4011570709165      292.87871045105413
99     2490.0     373.90050373652036      1945.4011570709165      347.1524604466509
100     2500.0     374.0809663213599      1945.4011570709165      318.85555618704774
101     2510.0     374.1759741136976      1945.4011570709165      318.11948521102624
102     2520.0     374.2853919354161      1945.4011570709165      318.32352815194554
103     2530.0     374.3463485721565      1945.4011570709165      257.0481891590143
104     2540.0     374.538010133954      1945.4011570709165      283.6333062630264
105     2550.0     374.72797442800294      1945.4011570709165      315.8672221481327
106     2560.0     374.78893106474334      1945.4011570709165      324.7855511604426
107     2570.0     374.9816660649668      1945.4011570709165      302.7534832555961
108     2580.0     375.0426227017072      1945.4011570709165      268.36098477827267
109     2590.0     375.2483735287256      1945.4011570709165      306.43579060457273
110     2600.0     375.309330165466      1945.4011570709165      283.7572699107509
111     2610.0     375.5619483640039      1945.4011570709165      269.0673489549234
112     2620.0     375.69095602131245      1945.4011570709165      260.3534717431767
113     2630.0     375.75191265805285      1945.4011570709165      292.33759659438766
114     2640.0     375.9446476582763      1945.4011570709165      296.01649335927175
115     2650.0     376.1972658568142      1945.4011570709165      282.59642347270193
116     2660.0     378.2135876268504      1945.4011570709165      307.5891858297217
117     2670.0     378.40524918864793      1945.4011570709165      255.17576357970313
118     2680.0     378.46620582538833      1945.4011570709165      250.85050031036195
119     2690.0     376.1594511448593      1945.4011570709165      250.4187832694852
120     2700.0     378.7047870420369      1945.4011570709165      329.93606290968177
121     2710.0     376.4120693433972      1945.4011570709165      309.566482850619
122     2720.0     376.4730259801376      1945.4011570709165      236.5998280357257
123     2730.0     376.4730259801376      1945.4011570709165      266.5351615079116
124     2740.0     376.4730259801376      1945.4011570709165      296.4373980868876
125     2750.0     376.76075098077143      1945.4011570709165      263.6943892098148
126     2760.0     379.26056100944913      1945.4011570709165      270.4317443933306
127     2770.0     379.3951066188907      1945.4011570709165      260.1312191172568
128     2780.0     379.3951066188907      1945.4011570709165      275.4944913927469
129     2790.0     379.3951066188907      1945.4011570709165      258.1910156046046
130     2800.0     379.3951066188907      1945.4011570709165      273.0044597489063
131     2810.0     376.6722622807697      1945.4011570709165      274.85924345438565
132     2820.0     376.73321891751004      1945.4011570709165      278.39742561666924
133     2830.0     376.73321891751004      1945.4011570709165      327.1849408273247
134     2840.0     376.73321891751004      1945.4011570709165      250.57693847562396
135     2850.0     379.0903646640499      1945.4011570709165      240.76955235332596
136     2860.0     379.0903646640499      1945.4011570709165      247.03250890756945
137     2870.0     379.0903646640499      1945.4011570709165      268.62053446829975
138     2880.0     379.0903646640499      1945.4011570709165      326.61617279880466
139     2890.0     379.4099563748983      1945.4011570709165      260.7213318755746
140     2900.0     379.4099563748983      1945.4011570709165      288.67125692000195
141     2910.0     379.4099563748983      1945.4011570709165      272.2703351054653
142     2920.0     379.4099563748983      1945.4011570709165      262.3968567331272
143     2930.0     379.6976813755321      1945.4011570709165      302.4944850441029
144     2940.0     379.6976813755321      1945.4011570709165      243.4481429123172
145     2950.0     379.6976813755321      1945.4011570709165      265.56196171604887
146     2960.0     379.6976813755321      1945.4011570709165      288.52692160942394
147     2970.0     379.97132825684423      1945.4011570709165      326.2195999881197
148     2980.0     379.97132825684423      1945.4011570709165      315.7617318000588
149     2990.0     380.1753425803674      1945.4011570709165      245.62294083459508
150     3000.0     380.1753425803674      1945.4011570709165      307.98573530177435
151     3010.0     380.1753425803674      1945.4011570709165      245.84148364271508
152     3020.0     380.1753425803674      1945.4011570709165      263.7970250737443
153     3030.0     380.4489894616795      1945.4011570709165      293.0649077556914
154     3040.0     380.4489894616795      1945.4011570709165      301.81531315037626
155     3050.0     380.4489894616795      1945.4011570709165      296.45805300151795
156     3060.0     380.4489894616795      1945.4011570709165      288.7616754962747
157     3070.0     380.76190897110905      1945.4011570709165      300.9654812651721
158     3080.0     380.76190897110905      1945.4011570709165      278.57373900951035
159     3090.0     380.76190897110905      1945.4011570709165      266.11212011213803
160     3100.0     380.76190897110905      1945.4011570709165      280.2789050055982
161     3110.0     379.8261893655406      1945.4011570709165      311.18179595664753
162     3120.0     379.8261893655406      1945.4011570709165      254.33895870712715
163     3130.0     379.8261893655406      1945.4011570709165      251.68816372119633
164     3140.0     379.8261893655406      1945.4011570709165      320.32739232631326
165     3150.0     380.1394103829632      1945.4011570709165      273.6577142120578
166     3160.0     380.1394103829632      1945.4011570709165      295.8371718809913
167     3170.0     380.1394103829632      1945.4011570709165      295.1567650172756
168     3180.0     380.4130572642753      1945.4011570709165      271.3091951529806
169     3190.0     380.4130572642753      1945.4011570709165      301.202818595694
170     3200.0     380.4130572642753      1945.4011570709165      300.37157283702686
171     3210.0     380.4130572642753      1945.4011570709165      313.0327369971326
172     3220.0     380.4130572642753      1945.4011570709165      329.0811277577008
173     3230.0     380.4130572642753      1945.4011570709165      293.3932877382472
174     3240.0     380.4130572642753      1945.4011570709165      308.24939349769465
175     3250.0     380.4130572642753      1945.4011570709165      250.343791240202
176     3260.0     380.4130572642753      1945.4011570709165      334.09481348345815
177     3270.0     380.4130572642753      1945.4011570709165      300.58041154639477
178     3280.0     380.4130572642753      1945.4011570709165      307.44778984850336
179     3290.0     380.4130572642753      1945.4011570709165      297.07085765453405
180     3300.0     380.4130572642753      1945.4011570709165      335.72226481548284
181     3310.0     380.4130572642753      1945.4011570709165      271.7106903496778
182     3320.0     380.4130572642753      1945.4011570709165      283.3497985569442
183     3330.0     380.4130572642753      1945.4011570709165      314.3050806962792
184     3340.0     380.4130572642753      1945.4011570709165      262.87527755611063
185     3350.0     380.4130572642753      1945.4011570709165      265.6736616563571
186     3360.0     380.4130572642753      1945.4011570709165      303.40853254622317
187     3370.0     380.4130572642753      1945.4011570709165      325.4486604659161
188     3380.0     380.4130572642753      1945.4011570709165      301.78036439747524
189     3390.0     380.4130572642753      1945.4011570709165      302.06546973271315
190     3400.0     380.4130572642753      1945.4011570709165      263.37161336682345
191     3410.0     380.4130572642753      1945.4011570709165      290.9881195556159
192     3420.0     380.4130572642753      1945.4011570709165      318.9861895913914
193     3430.0     380.4130572642753      1945.4011570709165      338.73803883201003
194     3440.0     380.4130572642753      1945.4011570709165      265.97405214107573
195     3450.0     380.4130572642753      1945.4011570709165      317.0580870816536
196     3460.0     380.4130572642753      1945.4011570709165      243.57600300575547
197     3470.0     380.4130572642753      1945.4011570709165      335.22364853701555
198     3480.0     380.4130572642753      1945.4011570709165      278.6951443573251
199     3490.0     380.4130572642753      1945.4011570709165      288.3042494904222
200     3500.0     380.4130572642753      1945.4011570709165      246.45577733440544
201     3510.0     380.4130572642753      1945.4011570709165      298.5472582677957
202     3520.0     380.4130572642753      1945.4011570709165      252.5355414019497
203     3530.0     380.4130572642753      1945.4011570709165      311.04775817543623
204     3540.0     380.4130572642753      1945.4011570709165      260.30389188767447
205     3550.0     380.4130572642753      1945.4011570709165      313.5036419137807
206     3560.0     380.4130572642753      1945.4011570709165      321.814763750398
207     3570.0     380.4130572642753      1945.4011570709165      276.2139049873021
208     3580.0     380.4130572642753      1945.4011570709165      296.58963080631804
209     3590.0     380.4130572642753      1945.4011570709165      263.752000593803
210     3600.0     380.4130572642753      1945.4011570709165      291.6462999695512
211     3610.0     380.4130572642753      1945.4011570709165      285.29834996193637
212     3620.0     380.4130572642753      1945.4011570709165      292.9356161403505
213     3630.0     380.4130572642753      1945.4011570709165      338.03202611975996
214     3640.0     380.4130572642753      1945.4011570709165      301.90983535513845
215     3650.0     380.4130572642753      1945.4011570709165      281.8975381428771
216     3660.0     380.4130572642753      1945.4011570709165      256.67624193635584
217     3670.0     380.4130572642753      1945.4011570709165      315.32958391021276
218     3680.0     380.4130572642753      1945.4011570709165      301.96991759627747
219     3690.0     380.4130572642753      1945.4011570709165      267.314420284624
220     3700.0     380.4130572642753      1945.4011570709165      300.3908322991898
221     3710.0     380.4130572642753      1945.4011570709165      273.4996591805835
222     3720.0     380.4130572642753      1945.4011570709165      277.9939195272923
223     3730.0     380.4130572642753      1945.4011570709165      250.378274841431
224     3740.0     380.4130572642753      1945.4011570709165      328.2049715471405
225     3750.0     380.4130572642753      1945.4011570709165      280.8203381784167
226     3760.0     380.4130572642753      1945.4011570709165      314.64211461260976
227     3770.0     380.4130572642753      1945.4011570709165      285.5253047681589
228     3780.0     380.4130572642753      1945.4011570709165      281.9159242781371
229     3790.0     380.4130572642753      1945.4011570709165      294.91444344972956
230     3800.0     380.4130572642753      1945.4011570709165      254.60478105991365
231     3810.0     380.4130572642753      1945.4011570709165      265.09748024770875
232     3820.0     380.4130572642753      1945.4011570709165      312.58488860843534
233     3830.0     380.4130572642753      1945.4011570709165      236.55734372655957
234     3840.0     380.4130572642753      1945.4011570709165      314.6219702459182
235     3850.0     380.4130572642753      1945.4011570709165      279.5367801917534
236     3860.0     380.4130572642753      1945.4011570709165      258.66553137376724
237     3870.0     380.4130572642753      1945.4011570709165      257.1771196324373
238     3880.0     380.4130572642753      1945.4011570709165      327.2653692763833
239     3890.0     380.4130572642753      1945.4011570709165      292.53375534632676
240     3900.0     380.4130572642753      1945.4011570709165      279.2502385706544
241     3910.0     380.4130572642753      1945.4011570709165      302.62421566049125
242     3920.0     380.4130572642753      1945.4011570709165      288.402707889633
243     3930.0     380.4130572642753      1945.4011570709165      236.53566662141387
244     3940.0     380.4130572642753      1945.4011570709165      232.3289144388001
245     3950.0     380.4130572642753      1945.4011570709165      263.227532691506
246     3960.0     380.4130572642753      1945.4011570709165      315.015423993703
247     3970.0     380.4130572642753      1945.4011570709165      278.61428107751635
248     3980.0     380.4130572642753      1945.4011570709165      349.83603686565243
249     3990.0     380.4130572642753      1945.4011570709165      284.1648927120475
250     4000.0     380.4130572642753      1945.4011570709165      302.84943650706504
251     4010.0     380.4130572642753      1945.4011570709165      264.30051954003693
252     4020.0     380.4130572642753      1945.4011570709165      268.88365605780115
253     4030.0     380.4130572642753      1945.4011570709165      326.01125500818273
254     4040.0     380.4130572642753      1945.4011570709165      307.3224293472526
255     4050.0     380.4130572642753      1945.4011570709165      281.85990679758686
256     4060.0     380.4130572642753      1945.4011570709165      280.94729400997585
257     4070.0     380.4130572642753      1945.4011570709165      289.6677198879993
258     4080.0     380.4130572642753      1945.4011570709165      314.7235311364028
259     4090.0     380.4130572642753      1945.4011570709165      292.4362267953125
260     4100.0     380.4130572642753      1945.4011570709165      255.65812359290302
261     4110.0     380.4130572642753      1945.4011570709165      273.03853067006537
262     4120.0     380.4130572642753      1945.4011570709165      256.0800421240865
263     4130.0     380.4130572642753      1945.4011570709165      282.4790159589076
264     4140.0     380.4130572642753      1945.4011570709165      283.9794819227874
265     4150.0     380.4130572642753      1945.4011570709165      283.14205619938554
266     4160.0     380.4130572642753      1945.4011570709165      301.94977015272656
267     4170.0     380.4130572642753      1945.4011570709165      274.8309379179946
268     4180.0     380.4130572642753      1945.4011570709165      282.8076259553309
269     4190.0     380.4130572642753      1945.4011570709165      297.08141033582797
270     4200.0     380.4130572642753      1945.4011570709165      294.5612069524398
271     4210.0     380.4130572642753      1945.4011570709165      274.51004693087475
272     4220.0     380.4130572642753      1945.4011570709165      306.180958671691
273     4230.0     380.4130572642753      1945.4011570709165      299.11603668389847
274     4240.0     380.4130572642753      1945.4011570709165      276.0108781106736
275     4250.0     380.4130572642753      1945.4011570709165      283.4375154390321
276     4260.0     380.4130572642753      1945.4011570709165      301.9497175164783
277     4270.0     380.4130572642753      1945.4011570709165      279.0206496692749
278     4280.0     380.4130572642753      1945.4011570709165      292.86729761498526
279     4290.0     380.4130572642753      1945.4011570709165      302.6107159120546
280     4300.0     380.4130572642753      1945.4011570709165      251.90653933577858
281     4310.0     380.4130572642753      1945.4011570709165      268.4671406820549
282     4320.0     380.4130572642753      1945.4011570709165      286.14332764080444
283     4330.0     380.4130572642753      1945.4011570709165      296.2007657550217
284     4340.0     380.4130572642753      1945.4011570709165      298.90660845272293
285     4350.0     380.4130572642753      1945.4011570709165      288.70051906073576
286     4360.0     380.4130572642753      1945.4011570709165      247.58127786515675
287     4370.0     380.4130572642753      1945.4011570709165      257.3978102004044
288     4380.0     380.4130572642753      1945.4011570709165      295.7046987061438
289     4390.0     380.4130572642753      1945.4011570709165      307.6345862397139
290     4400.0     380.4130572642753      1945.4011570709165      312.8803167464108
291     4410.0     380.4130572642753      1945.4011570709165      279.3577828197249
292     4420.0     380.4130572642753      1945.4011570709165      279.08969698711206
293     4430.0     380.4130572642753      1945.4011570709165      303.36202690040176
294     4440.0     380.4130572642753      1945.4011570709165      284.2360118032569
295     4450.0     380.4130572642753      1945.4011570709165      266.39272425770525
296     4460.0     380.4130572642753      1945.4011570709165      308.5827049293848
297     4470.0     380.4130572642753      1945.4011570709165      297.7400719295501
298     4480.0     380.4130572642753      1945.4011570709165      256.8787333095431
299     4490.0     380.4130572642753      1945.4011570709165      279.5732849872005
300     4500.0     380.4130572642753      1945.4011570709165      291.9033355563969
301     4510.0     380.4130572642753      1945.4011570709165      298.85770880619805
302     4520.0     380.4130572642753      1945.4011570709165      267.7263528289883
303     4530.0     380.4130572642753      1945.4011570709165      275.8422675608341
304     4540.0     380.4130572642753      1945.4011570709165      293.8439298683669
305     4550.0     380.4130572642753      1945.4011570709165      311.87077300304486
306     4560.0     380.4130572642753      1945.4011570709165      264.06693377082223
307     4570.0     380.4130572642753      1945.4011570709165      294.08539403888176
308     4580.0     380.4130572642753      1945.4011570709165      236.60281009651587
309     4590.0     380.4130572642753      1945.4011570709165      291.30598446153226
310     4600.0     380.4130572642753      1945.4011570709165      307.39844323835155
311     4610.0     380.4130572642753      1945.4011570709165      259.487669627042
312     4620.0     380.4130572642753      1945.4011570709165      260.1728590165253
313     4630.0     380.4130572642753      1945.4011570709165      300.70470132758487
314     4640.0     380.4130572642753      1945.4011570709165      271.8273306436074
315     4650.0     380.4130572642753      1945.4011570709165      261.9086044823938
316     4660.0     380.4130572642753      1945.4011570709165      313.501836670102
317     4670.0     380.4130572642753      1945.4011570709165      261.98855007254923
318     4680.0     380.4130572642753      1945.4011570709165      335.3804400308603
319     4690.0     380.4130572642753      1945.4011570709165      253.6179525372781
320     4700.0     380.4130572642753      1945.4011570709165      289.77280227378105
321     4710.0     380.4130572642753      1945.4011570709165      221.2388707810377
322     4720.0     380.4130572642753      1945.4011570709165      289.09646147946853
323     4730.0     380.4130572642753      1945.4011570709165      289.2192050848839
324     4740.0     380.4130572642753      1945.4011570709165      232.13124843102324
325     4750.0     380.4130572642753      1945.4011570709165      296.2078574654946
326     4760.0     380.4130572642753      1945.4011570709165      275.44577215503045
327     4770.0     380.4130572642753      1945.4011570709165      281.2468723765853
328     4780.0     380.4130572642753      1945.4011570709165      255.9915790310402
329     4790.0     380.4130572642753      1945.4011570709165      265.86194231736494
330     4800.0     380.4130572642753      1945.4011570709165      248.5772692401915
331     4810.0     380.4130572642753      1945.4011570709165      312.40800978522884
332     4820.0     380.4130572642753      1945.4011570709165      338.9696660884213
333     4830.0     380.4130572642753      1945.4011570709165      272.0062794291335
334     4840.0     380.4130572642753      1945.4011570709165      269.05858846711044
335     4850.0     380.4130572642753      1945.4011570709165      283.20952230315436
336     4860.0     380.4130572642753      1945.4011570709165      316.8177336935328
337     4870.0     380.4130572642753      1945.4011570709165      279.57434558350434
338     4880.0     380.4130572642753      1945.4011570709165      285.09122953752535
339     4890.0     380.4130572642753      1945.4011570709165      302.28625130589967
340     4900.0     380.4130572642753      1945.4011570709165      211.5718729590607
341     4910.0     380.4130572642753      1945.4011570709165      285.69442693030373
342     4920.0     380.4130572642753      1945.4011570709165      289.4736473363374
343     4930.0     380.4130572642753      1945.4011570709165      301.19284714142424
344     4940.0     380.4130572642753      1945.4011570709165      266.3191500386474
345     4950.0     380.4130572642753      1945.4011570709165      329.0381648322579
346     4960.0     380.4130572642753      1945.4011570709165      328.2921784328273
347     4970.0     380.4130572642753      1945.4011570709165      289.93076793491394
348     4980.0     380.4130572642753      1945.4011570709165      276.872898137842
349     4990.0     380.4130572642753      1945.4011570709165      287.63460694482217
350     5000.0     380.4130572642753      1945.4011570709165      296.36981273136524
351     5010.0     380.4130572642753      1945.4011570709165      268.94611305974394
352     5020.0     380.4130572642753      1945.4011570709165      221.0903400141766
353     5030.0     380.4130572642753      1945.4011570709165      277.59476347056386
354     5040.0     380.4130572642753      1945.4011570709165      237.65029192255477
355     5050.0     380.4130572642753      1945.4011570709165      285.90451718350715
356     5060.0     380.4130572642753      1945.4011570709165      315.6553163020039
357     5070.0     380.4130572642753      1945.4011570709165      298.09246897761125
358     5080.0     380.4130572642753      1945.4011570709165      250.7178084788811
359     5090.0     380.4130572642753      1945.4011570709165      318.21522782699327
360     5100.0     380.4130572642753      1945.4011570709165      252.53308038384316
361     5110.0     380.4130572642753      1945.4011570709165      271.3926726582173
362     5120.0     380.4130572642753      1945.4011570709165      305.5957426061885
363     5130.0     380.4130572642753      1945.4011570709165      252.51236428023412
364     5140.0     380.4130572642753      1945.4011570709165      303.04904644521935
365     5150.0     380.4130572642753      1945.4011570709165      317.7154696310182
366     5160.0     380.4130572642753      1945.4011570709165      250.0742867000425
367     5170.0     380.4130572642753      1945.4011570709165      246.70582623693383
368     5180.0     380.4130572642753      1945.4011570709165      276.0870129283186
369     5190.0     380.4130572642753      1945.4011570709165      273.9787973138884
370     5200.0     380.4130572642753      1945.4011570709165      279.0303840166982
371     5210.0     380.4130572642753      1945.4011570709165      293.31283876947543
372     5220.0     380.4130572642753      1945.4011570709165      319.7502845165637
373     5230.0     380.4130572642753      1945.4011570709165      303.41421567393314
374     5240.0     380.4130572642753      1945.4011570709165      332.1730836953986
375     5250.0     380.4130572642753      1945.4011570709165      280.8436325789804
376     5260.0     380.4130572642753      1945.4011570709165      263.5473812782871
377     5270.0     380.4130572642753      1945.4011570709165      290.7012302473858
378     5280.0     380.4130572642753      1945.4011570709165      268.8180127217721
379     5290.0     380.4130572642753      1945.4011570709165      270.52299029337854
380     5300.0     380.4130572642753      1945.4011570709165      307.4980780061246
381     5310.0     380.4130572642753      1945.4011570709165      269.4298313936044
382     5320.0     380.4130572642753      1945.4011570709165      279.57770816043046
383     5330.0     380.4130572642753      1945.4011570709165      314.562318718931
384     5340.0     380.4130572642753      1945.4011570709165      239.83947341409467
385     5350.0     380.4130572642753      1945.4011570709165      302.4270224142195
386     5360.0     380.4130572642753      1945.4011570709165      273.67240777272923
387     5370.0     380.4130572642753      1945.4011570709165      306.6810869240558
388     5380.0     380.4130572642753      1945.4011570709165      288.5317210862446
389     5390.0     380.4130572642753      1945.4011570709165      231.13052646352787
390     5400.0     380.4130572642753      1945.4011570709165      239.15907169926956
391     5410.0     380.4130572642753      1945.4011570709165      225.17505585911545
392     5420.0     380.4130572642753      1945.4011570709165      282.8213781909823
393     5430.0     380.4130572642753      1945.4011570709165      278.1011673633702
394     5440.0     380.4130572642753      1945.4011570709165      288.84558047893364
395     5450.0     380.4130572642753      1945.4011570709165      314.19178752672127
396     5460.0     380.4130572642753      1945.4011570709165      268.4570056193651
397     5470.0     380.4130572642753      1945.4011570709165      281.287885964731
398     5480.0     380.4130572642753      1945.4011570709165      290.0559609196105
399     5490.0     380.4130572642753      1945.4011570709165      255.7469931316526
400     5500.0     380.4130572642753      1945.4011570709165      285.90381494825766
401     5510.0     380.4130572642753      1945.4011570709165      261.547924579514
402     5520.0     380.4130572642753      1945.4011570709165      267.0170588798889
403     5530.0     380.4130572642753      1945.4011570709165      300.98569334469033
404     5540.0     380.4130572642753      1945.4011570709165      308.58967096643755
405     5550.0     380.4130572642753      1945.4011570709165      294.59415037976953
406     5560.0     380.4130572642753      1945.4011570709165      277.35229565288466
407     5570.0     380.4130572642753      1945.4011570709165      293.29050301056054
408     5580.0     380.4130572642753      1945.4011570709165      293.0401241480848
409     5590.0     380.4130572642753      1945.4011570709165      314.12455421694284
410     5600.0     380.4130572642753      1945.4011570709165      253.62101982567364
411     5610.0     380.4130572642753      1945.4011570709165      287.2499870593139
412     5620.0     380.4130572642753      1945.4011570709165      295.9478174907661
413     5630.0     380.4130572642753      1945.4011570709165      300.26309946733767
414     5640.0     380.4130572642753      1945.4011570709165      239.00194047636649
415     5650.0     380.4130572642753      1945.4011570709165      292.9803522884493
416     5660.0     380.4130572642753      1945.4011570709165      297.91570349067956
417     5670.0     380.4130572642753      1945.4011570709165      316.31916409500116
418     5680.0     380.4130572642753      1945.4011570709165      281.15870811659994
419     5690.0     380.4130572642753      1945.4011570709165      260.85610022261255
420     5700.0     380.4130572642753      1945.4011570709165      265.75844677780674
421     5710.0     380.4130572642753      1945.4011570709165      300.7787303499038
422     5720.0     380.4130572642753      1945.4011570709165      288.7161609089766
423     5730.0     380.4130572642753      1945.4011570709165      312.6534056820702
424     5740.0     380.4130572642753      1945.4011570709165      307.951156695114
425     5750.0     380.4130572642753      1945.4011570709165      242.9564258549086
426     5760.0     380.4130572642753      1945.4011570709165      307.1985475235633
427     5770.0     380.4130572642753      1945.4011570709165      288.6810042447189
428     5780.0     380.4130572642753      1945.4011570709165      248.3734557158317
429     5790.0     380.4130572642753      1945.4011570709165      259.39155478524725
430     5800.0     380.4130572642753      1945.4011570709165      293.5729021403016
431     5810.0     380.4130572642753      1945.4011570709165      276.4799031532871
432     5820.0     380.4130572642753      1945.4011570709165      292.16676537149954
433     5830.0     380.4130572642753      1945.4011570709165      238.93650285536
434     5840.0     380.4130572642753      1945.4011570709165      267.35004730029306
435     5850.0     380.4130572642753      1945.4011570709165      240.1104306133741
436     5860.0     380.4130572642753      1945.4011570709165      282.7122712396761
437     5870.0     380.4130572642753      1945.4011570709165      294.98494203901646
438     5880.0     380.4130572642753      1945.4011570709165      238.08557321409057
439     5890.0     380.4130572642753      1945.4011570709165      275.69347983524705
440     5900.0     380.4130572642753      1945.4011570709165      269.17260162812704
441     5910.0     380.4130572642753      1945.4011570709165      292.0346479865379
442     5920.0     380.4130572642753      1945.4011570709165      298.0053811266439
443     5930.0     380.4130572642753      1945.4011570709165      282.50753301561684
444     5940.0     380.4130572642753      1945.4011570709165      297.7374347162071
445     5950.0     380.4130572642753      1945.4011570709165      265.96812388752267
446     5960.0     380.4130572642753      1945.4011570709165      328.69020940790614
447     5970.0     380.4130572642753      1945.4011570709165      252.27144746913947
448     5980.0     380.4130572642753      1945.4011570709165      252.2405225925772
449     5990.0     380.4130572642753      1945.4011570709165      288.78583738083773
450     6000.0     380.4130572642753      1945.4011570709165      249.83670240288637
451     6010.0     380.4130572642753      1945.4011570709165      277.0864609362197
452     6020.0     380.4130572642753      1945.4011570709165      246.8403057739894
453     6030.0     380.4130572642753      1945.4011570709165      267.57643368767873
454     6040.0     380.4130572642753      1945.4011570709165      270.7246692851949
455     6050.0     380.4130572642753      1945.4011570709165      292.5612222681528
456     6060.0     380.4130572642753      1945.4011570709165      287.8565769425844
457     6070.0     380.4130572642753      1945.4011570709165      277.9098365998077
458     6080.0     380.4130572642753      1945.4011570709165      290.2601038549312
459     6090.0     380.4130572642753      1945.4011570709165      299.15711471722545
460     6100.0     380.4130572642753      1945.4011570709165      234.19380829685656
461     6110.0     380.4130572642753      1945.4011570709165      262.4486828966875
462     6120.0     380.4130572642753      1945.4011570709165      259.6044114486859
463     6130.0     380.4130572642753      1945.4011570709165      251.20007713885192
464     6140.0     380.4130572642753      1945.4011570709165      286.83776824901645
465     6150.0     380.4130572642753      1945.4011570709165      268.8819719608689
466     6160.0     380.4130572642753      1945.4011570709165      259.38623997498206
467     6170.0     380.4130572642753      1945.4011570709165      290.45186255333624
468     6180.0     380.4130572642753      1945.4011570709165      291.93017838233646
469     6190.0     380.4130572642753      1945.4011570709165      292.68159098134714
470     6200.0     380.4130572642753      1945.4011570709165      293.9767329952146
471     6210.0     380.4130572642753      1945.4011570709165      270.89572317946147
472     6220.0     380.4130572642753      1945.4011570709165      283.0239882985523
473     6230.0     380.4130572642753      1945.4011570709165      259.69423806966887
474     6240.0     380.4130572642753      1945.4011570709165      261.9190090439223
475     6250.0     380.4130572642753      1945.4011570709165      296.3707171200983
476     6260.0     380.4130572642753      1945.4011570709165      315.11929271263006
477     6270.0     380.4130572642753      1945.4011570709165      293.1000680012514
478     6280.0     380.4130572642753      1945.4011570709165      293.64532512640864
479     6290.0     380.4130572642753      1945.4011570709165      297.1403090597669
480     6300.0     380.4130572642753      1945.4011570709165      289.2237637933069
481     6310.0     380.4130572642753      1945.4011570709165      246.8035179037161
482     6320.0     380.4130572642753      1945.4011570709165      334.45989949298365
483     6330.0     380.4130572642753      1945.4011570709165      288.80254694496625
484     6340.0     380.4130572642753      1945.4011570709165      289.00907246518
485     6350.0     380.4130572642753      1945.4011570709165      273.96373026409964
486     6360.0     380.4130572642753      1945.4011570709165      287.8416472051209
487     6370.0     380.4130572642753      1945.4011570709165      281.78354271816966
488     6380.0     380.4130572642753      1945.4011570709165      317.1841730458313
489     6390.0     380.4130572642753      1945.4011570709165      278.04312794546644
490     6400.0     380.4130572642753      1945.4011570709165      263.52842326062733
491     6410.0     380.4130572642753      1945.4011570709165      264.8717609455463
492     6420.0     380.4130572642753      1945.4011570709165      335.78529058856776
493     6430.0     380.4130572642753      1945.4011570709165      278.17901639919836
494     6440.0     380.4130572642753      1945.4011570709165      287.36509043901594
495     6450.0     380.4130572642753      1945.4011570709165      306.13804008416685
496     6460.0     380.4130572642753      1945.4011570709165      302.094630472031
497     6470.0     380.4130572642753      1945.4011570709165      249.12920508910602
498     6480.0     380.4130572642753      1945.4011570709165      315.928527367347
499     6490.0     380.4130572642753      1945.4011570709165      250.9582264710617
500     6500.0     380.4130572642753      1945.4011570709165      324.39374593730076
501     6510.0     380.4130572642753      1945.4011570709165      287.9714046255965
502     6520.0     380.4130572642753      1945.4011570709165      306.6454267810967
503     6530.0     380.4130572642753      1945.4011570709165      278.52251714433845
504     6540.0     380.4130572642753      1945.4011570709165      293.1987241868118
505     6550.0     380.4130572642753      1945.4011570709165      325.23016760939055
506     6560.0     380.4130572642753      1945.4011570709165      284.16054348878635
507     6570.0     380.4130572642753      1945.4011570709165      279.3262093777523
508     6580.0     380.4130572642753      1945.4011570709165      272.76686294706514
509     6590.0     380.4130572642753      1945.4011570709165      254.04973228276975
510     6600.0     380.4130572642753      1945.4011570709165      269.9514122028553
511     6610.0     380.4130572642753      1945.4011570709165      304.52478224253446
512     6620.0     380.4130572642753      1945.4011570709165      286.14602034271496
513     6630.0     380.4130572642753      1945.4011570709165      251.9213054984144
514     6640.0     380.4130572642753      1945.4011570709165      322.36747438503187
515     6650.0     380.4130572642753      1945.4011570709165      285.19210861858124
516     6660.0     380.4130572642753      1945.4011570709165      338.371305263043
517     6670.0     380.4130572642753      1945.4011570709165      252.5622602111553
518     6680.0     380.4130572642753      1945.4011570709165      263.2492152425548
519     6690.0     380.4130572642753      1945.4011570709165      326.3221236951464
520     6700.0     380.4130572642753      1945.4011570709165      319.0054929870744
521     6710.0     380.4130572642753      1945.4011570709165      308.7076468055555
522     6720.0     380.4130572642753      1945.4011570709165      249.15776038534187
523     6730.0     380.4130572642753      1945.4011570709165      288.73561122542236
524     6740.0     380.4130572642753      1945.4011570709165      304.174442689328
525     6750.0     380.4130572642753      1945.4011570709165      292.6697253999796
526     6760.0     380.4130572642753      1945.4011570709165      281.77771006446545
527     6770.0     380.4130572642753      1945.4011570709165      254.99053112169406
528     6780.0     380.4130572642753      1945.4011570709165      255.41030069869038
529     6790.0     380.4130572642753      1945.4011570709165      331.2605761968436
530     6800.0     380.4130572642753      1945.4011570709165      251.97468717418374
531     6810.0     380.4130572642753      1945.4011570709165      314.39395471705194
532     6820.0     380.4130572642753      1945.4011570709165      291.8776633368858
533     6830.0     380.4130572642753      1945.4011570709165      272.78357334769834
534     6840.0     380.4130572642753      1945.4011570709165      281.22716199860463
535     6850.0     380.4130572642753      1945.4011570709165      295.1177468891349
536     6860.0     380.4130572642753      1945.4011570709165      301.0779703837235
537     6870.0     380.4130572642753      1945.4011570709165      318.8272280423491
538     6880.0     380.4130572642753      1945.4011570709165      263.28077693296143
539     6890.0     380.4130572642753      1945.4011570709165      270.8859183807752
540     6900.0     380.4130572642753      1945.4011570709165      298.44506117834817
541     6910.0     380.4130572642753      1945.4011570709165      279.2496100733198
542     6920.0     380.4130572642753      1945.4011570709165      264.9342413637589
543     6930.0     380.4130572642753      1945.4011570709165      300.0894964651802
544     6940.0     380.4130572642753      1945.4011570709165      305.499430779088
545     6950.0     380.4130572642753      1945.4011570709165      246.679675317766
546     6960.0     380.4130572642753      1945.4011570709165      283.0735580687276
547     6970.0     380.4130572642753      1945.4011570709165      288.1021439029916
548     6980.0     380.4130572642753      1945.4011570709165      300.87251533395664
549     6990.0     380.4130572642753      1945.4011570709165      265.19539957693485
550     7000.0     380.4130572642753      1945.4011570709165      270.3435131479864
551     7010.0     380.4130572642753      1945.4011570709165      305.94685574130887
552     7020.0     380.4130572642753      1945.4011570709165      310.9940922515021
553     7030.0     380.4130572642753      1945.4011570709165      266.4485060745709
554     7040.0     380.4130572642753      1945.4011570709165      282.58078552595356
555     7050.0     380.4130572642753      1945.4011570709165      278.3599742077386
556     7060.0     380.4130572642753      1945.4011570709165      334.28004432943453
557     7070.0     380.4130572642753      1945.4011570709165      250.62429502877754
558     7080.0     380.4130572642753      1945.4011570709165      251.39085900631855
559     7090.0     380.4130572642753      1945.4011570709165      298.19830638972917
560     7100.0     380.4130572642753      1945.4011570709165      261.9366149208581
561     7110.0     380.4130572642753      1945.4011570709165      241.32046176991997
562     7120.0     380.4130572642753      1945.4011570709165      283.94571532400255
563     7130.0     380.4130572642753      1945.4011570709165      275.4218923071664
564     7140.0     380.4130572642753      1945.4011570709165      238.44787103583687
565     7150.0     380.4130572642753      1945.4011570709165      310.7506714357942
566     7160.0     380.4130572642753      1945.4011570709165      328.47581221532954
567     7170.0     380.4130572642753      1945.4011570709165      274.7416466239823
568     7180.0     380.4130572642753      1945.4011570709165      285.0227933439167
569     7190.0     380.4130572642753      1945.4011570709165      276.27666554923536
570     7200.0     380.4130572642753      1945.4011570709165      329.93520708820023
571     7210.0     380.4130572642753      1945.4011570709165      261.3820632988826
572     7220.0     380.4130572642753      1945.4011570709165      280.1973434102977
573     7230.0     380.4130572642753      1945.4011570709165      217.8661463965493
574     7240.0     380.4130572642753      1945.4011570709165      279.9593102082064
575     7250.0     380.4130572642753      1945.4011570709165      304.027545225965
576     7260.0     380.4130572642753      1945.4011570709165      286.89199880418477
577     7270.0     380.4130572642753      1945.4011570709165      268.4486007885122
578     7280.0     380.4130572642753      1945.4011570709165      330.6299101355335
579     7290.0     380.4130572642753      1945.4011570709165      284.59304402969053
580     7300.0     380.4130572642753      1945.4011570709165      291.61502560395274
581     7310.0     380.4130572642753      1945.4011570709165      306.69499702598745
582     7320.0     380.4130572642753      1945.4011570709165      291.62474379324783
583     7330.0     380.4130572642753      1945.4011570709165      305.3431832562129
584     7340.0     380.4130572642753      1945.4011570709165      266.4890095526479
585     7350.0     380.4130572642753      1945.4011570709165      265.9439232824101
586     7360.0     380.4130572642753      1945.4011570709165      265.86968064684334
587     7370.0     380.4130572642753      1945.4011570709165      254.50737393502624
588     7380.0     380.4130572642753      1945.4011570709165      270.41626296572684
589     7390.0     380.4130572642753      1945.4011570709165      259.78445891595004
590     7400.0     380.4130572642753      1945.4011570709165      266.17982057925036
591     7410.0     380.4130572642753      1945.4011570709165      270.53288591658173
592     7420.0     380.4130572642753      1945.4011570709165      285.9745776395925
593     7430.0     380.4130572642753      1945.4011570709165      298.15788249856826
594     7440.0     380.4130572642753      1945.4011570709165      314.4790513544512
595     7450.0     380.4130572642753      1945.4011570709165      280.1139944194069
596     7460.0     380.4130572642753      1945.4011570709165      257.62591880312397
597     7470.0     380.4130572642753      1945.4011570709165      305.38938998041186
598     7480.0     380.4130572642753      1945.4011570709165      327.2007203517867
599     7490.0     380.4130572642753      1945.4011570709165      266.1474567217888
600     7500.0     380.4130572642753      1945.4011570709165      251.99528992227974
601     7510.0     380.4130572642753      1945.4011570709165      271.79858452438657
602     7520.0     380.4130572642753      1945.4011570709165      291.8502913122243
603     7530.0     380.4130572642753      1945.4011570709165      281.33937580079663
604     7540.0     380.4130572642753      1945.4011570709165      316.15582506116505
605     7550.0     380.4130572642753      1945.4011570709165      288.25836453293766
606     7560.0     380.4130572642753      1945.4011570709165      291.7339570595599
607     7570.0     380.4130572642753      1945.4011570709165      234.71783480630887
608     7580.0     380.4130572642753      1945.4011570709165      302.93729478820836
609     7590.0     380.4130572642753      1945.4011570709165      311.50740339375375
610     7600.0     380.4130572642753      1945.4011570709165      277.5690312597384
611     7610.0     380.4130572642753      1945.4011570709165      274.74887052592305
612     7620.0     380.4130572642753      1945.4011570709165      285.6785091480063
613     7630.0     380.4130572642753      1945.4011570709165      264.4544103452472
614     7640.0     380.4130572642753      1945.4011570709165      273.24112679589183
615     7650.0     380.4130572642753      1945.4011570709165      289.587175386652
616     7660.0     380.4130572642753      1945.4011570709165      317.93144505095
617     7670.0     380.4130572642753      1945.4011570709165      315.9114958647511
618     7680.0     380.4130572642753      1945.4011570709165      293.5471687681017
619     7690.0     380.4130572642753      1945.4011570709165      330.52146005244174
620     7700.0     380.4130572642753      1945.4011570709165      272.29850601217566
621     7710.0     380.4130572642753      1945.4011570709165      280.2753456724418
622     7720.0     380.4130572642753      1945.4011570709165      317.9108723694134
623     7730.0     380.4130572642753      1945.4011570709165      268.7071156817723
624     7740.0     380.4130572642753      1945.4011570709165      327.88133718385177
625     7750.0     380.4130572642753      1945.4011570709165      299.42748815584036
626     7760.0     380.4130572642753      1945.4011570709165      292.6916314750223
627     7770.0     380.4130572642753      1945.4011570709165      265.14577418393856
628     7780.0     380.4130572642753      1945.4011570709165      287.83739672251926
629     7790.0     380.4130572642753      1945.4011570709165      249.66914924563264
630     7800.0     380.4130572642753      1945.4011570709165      270.59738217338713
631     7810.0     380.4130572642753      1945.4011570709165      259.54151323327795
632     7820.0     380.4130572642753      1945.4011570709165      285.47025958155103
633     7830.0     380.4130572642753      1945.4011570709165      261.05716205942235
634     7840.0     380.4130572642753      1945.4011570709165      260.40360692110784
635     7850.0     380.4130572642753      1945.4011570709165      289.6054587253348
636     7860.0     380.4130572642753      1945.4011570709165      289.90457906013756
637     7870.0     380.4130572642753      1945.4011570709165      325.0755968567062
638     7880.0     380.4130572642753      1945.4011570709165      250.9593417602543
639     7890.0     380.4130572642753      1945.4011570709165      275.5892506393324
640     7900.0     380.4130572642753      1945.4011570709165      249.88369083027234
641     7910.0     380.4130572642753      1945.4011570709165      280.33190917271446
642     7920.0     380.4130572642753      1945.4011570709165      256.9560418315721
643     7930.0     380.4130572642753      1945.4011570709165      340.4410916602791
644     7940.0     380.4130572642753      1945.4011570709165      275.04131033290037
645     7950.0     380.4130572642753      1945.4011570709165      242.68087849605757
646     7960.0     380.4130572642753      1945.4011570709165      260.1183850259349
647     7970.0     380.4130572642753      1945.4011570709165      322.8426918446611
648     7980.0     380.4130572642753      1945.4011570709165      275.1723354989559
649     7990.0     380.4130572642753      1945.4011570709165      296.4994038401539
650     8000.0     380.4130572642753      1945.4011570709165      291.7225368725958
651     8010.0     380.4130572642753      1945.4011570709165      264.1080012848801
652     8020.0     380.4130572642753      1945.4011570709165      254.00104887062457
653     8030.0     380.4130572642753      1945.4011570709165      284.0744766560195
654     8040.0     380.4130572642753      1945.4011570709165      294.32241700337414
655     8050.0     380.4130572642753      1945.4011570709165      272.08613433850195
656     8060.0     380.4130572642753      1945.4011570709165      242.0776975368394
657     8070.0     380.4130572642753      1945.4011570709165      275.52221189138515
658     8080.0     380.4130572642753      1945.4011570709165      272.2540235389659
659     8090.0     380.4130572642753      1945.4011570709165      241.55936554376925
660     8100.0     380.4130572642753      1945.4011570709165      296.94073496317014
661     8110.0     380.4130572642753      1945.4011570709165      270.0598021132564
662     8120.0     380.4130572642753      1945.4011570709165      304.97360902630186
663     8130.0     380.4130572642753      1945.4011570709165      329.02333803943804
664     8140.0     380.4130572642753      1945.4011570709165      292.53282869687433
665     8150.0     380.4130572642753      1945.4011570709165      329.24335147512886
666     8160.0     380.4130572642753      1945.4011570709165      284.7858030702792
667     8170.0     380.4130572642753      1945.4011570709165      230.85053693015203
668     8180.0     380.4130572642753      1945.4011570709165      277.46211452433755
669     8190.0     380.4130572642753      1945.4011570709165      270.33835370008387
670     8200.0     380.4130572642753      1945.4011570709165      301.1065643691296
671     8210.0     380.4130572642753      1945.4011570709165      286.85061801218853
672     8220.0     380.4130572642753      1945.4011570709165      283.770508951003
673     8230.0     380.4130572642753      1945.4011570709165      285.73751886198477
674     8240.0     380.4130572642753      1945.4011570709165      301.675628573391
675     8250.0     380.4130572642753      1945.4011570709165      313.9816211603227
676     8260.0     380.4130572642753      1945.4011570709165      287.2555184903541
677     8270.0     380.4130572642753      1945.4011570709165      308.60635589888716
678     8280.0     380.4130572642753      1945.4011570709165      280.286888415866
679     8290.0     380.4130572642753      1945.4011570709165      257.2540915545957
680     8300.0     380.4130572642753      1945.4011570709165      308.90199398557655
681     8310.0     380.4130572642753      1945.4011570709165      255.1169084494507
682     8320.0     380.4130572642753      1945.4011570709165      263.47250577206273
683     8330.0     380.4130572642753      1945.4011570709165      282.4526944210868
684     8340.0     380.4130572642753      1945.4011570709165      288.1941072010363
685     8350.0     380.4130572642753      1945.4011570709165      225.9630882540203
686     8360.0     380.4130572642753      1945.4011570709165      295.6733681614748
687     8370.0     380.4130572642753      1945.4011570709165      249.28685391610847
688     8380.0     380.4130572642753      1945.4011570709165      306.3132644296644
689     8390.0     380.4130572642753      1945.4011570709165      331.4753460233877
690     8400.0     380.4130572642753      1945.4011570709165      309.3441706251285
691     8410.0     380.4130572642753      1945.4011570709165      289.3254035869561
692     8420.0     380.4130572642753      1945.4011570709165      265.80825931389575
693     8430.0     380.4130572642753      1945.4011570709165      244.6778033080742
694     8440.0     380.4130572642753      1945.4011570709165      246.3751890586908
695     8450.0     380.4130572642753      1945.4011570709165      310.9283255354618
696     8460.0     380.4130572642753      1945.4011570709165      297.4081566177602
697     8470.0     380.4130572642753      1945.4011570709165      243.5654759277499
698     8480.0     380.4130572642753      1945.4011570709165      285.7438484838704
699     8490.0     380.4130572642753      1945.4011570709165      278.11116166490893
700     8500.0     380.4130572642753      1945.4011570709165      310.62092207461563
701     8510.0     380.4130572642753      1945.4011570709165      277.66285902232784
702     8520.0     380.4130572642753      1945.4011570709165      315.2287187248352
703     8530.0     380.4130572642753      1945.4011570709165      328.27956548391455
704     8540.0     380.4130572642753      1945.4011570709165      322.08648090378404
705     8550.0     380.4130572642753      1945.4011570709165      297.9169178919456
706     8560.0     380.4130572642753      1945.4011570709165      324.96334568444934
707     8570.0     380.4130572642753      1945.4011570709165      329.6463099647367
708     8580.0     380.4130572642753      1945.4011570709165      269.5337928694819
709     8590.0     380.4130572642753      1945.4011570709165      324.8309005713083
710     8600.0     380.4130572642753      1945.4011570709165      308.52718924703254
711     8610.0     380.4130572642753      1945.4011570709165      313.5646738419347
712     8620.0     380.4130572642753      1945.4011570709165      275.22903078714285
713     8630.0     380.4130572642753      1945.4011570709165      293.41690599299704
714     8640.0     380.4130572642753      1945.4011570709165      324.6429934053318
715     8650.0     380.4130572642753      1945.4011570709165      313.30775604630225
716     8660.0     380.4130572642753      1945.4011570709165      336.2365869795232
717     8670.0     380.4130572642753      1945.4011570709165      284.84297344586577
718     8680.0     380.4130572642753      1945.4011570709165      297.5229007311369
719     8690.0     380.4130572642753      1945.4011570709165      229.60964362622065
720     8700.0     380.4130572642753      1945.4011570709165      239.45946885278306
721     8710.0     380.4130572642753      1945.4011570709165      277.80220610782675
722     8720.0     380.4130572642753      1945.4011570709165      246.25849967038923
723     8730.0     380.4130572642753      1945.4011570709165      307.17264644159826
724     8740.0     380.4130572642753      1945.4011570709165      326.5099849172793
725     8750.0     380.4130572642753      1945.4011570709165      269.63406718511925
726     8760.0     380.4130572642753      1945.4011570709165      346.5871706522013
727     8770.0     380.4130572642753      1945.4011570709165      277.8647008805645
728     8780.0     380.4130572642753      1945.4011570709165      317.14404297588527
729     8790.0     380.4130572642753      1945.4011570709165      268.46290093586896
730     8800.0     380.4130572642753      1945.4011570709165      245.95229389328443
731     8810.0     380.4130572642753      1945.4011570709165      246.37266535098053
732     8820.0     380.4130572642753      1945.4011570709165      255.98614991762955
733     8830.0     380.4130572642753      1945.4011570709165      285.2941128630318
734     8840.0     380.4130572642753      1945.4011570709165      315.3057394841811
735     8850.0     380.4130572642753      1945.4011570709165      241.74769176786913
736     8860.0     380.4130572642753      1945.4011570709165      246.3160249145879
737     8870.0     380.4130572642753      1945.4011570709165      252.33086228540654
738     8880.0     380.4130572642753      1945.4011570709165      267.05918983320976
739     8890.0     380.4130572642753      1945.4011570709165      298.8188810033118
740     8900.0     380.4130572642753      1945.4011570709165      294.9535827702827
741     8910.0     380.4130572642753      1945.4011570709165      282.6096775473313
742     8920.0     380.4130572642753      1945.4011570709165      305.3774146367047
743     8930.0     380.4130572642753      1945.4011570709165      280.62175205465087
744     8940.0     380.4130572642753      1945.4011570709165      340.2524905992236
745     8950.0     380.4130572642753      1945.4011570709165      297.9417512740944
746     8960.0     380.4130572642753      1945.4011570709165      289.8801446449222
747     8970.0     380.4130572642753      1945.4011570709165      278.76327917266605
748     8980.0     380.4130572642753      1945.4011570709165      290.7490528074891
749     8990.0     380.4130572642753      1945.4011570709165      322.36021027475863
750     9000.0     380.4130572642753      1945.4011570709165      327.3916068424333
751     9010.0     380.4130572642753      1945.4011570709165      281.81767154477603
752     9020.0     380.4130572642753      1945.4011570709165      276.2482290106076
753     9030.0     380.4130572642753      1945.4011570709165      274.9193966377359
754     9040.0     380.4130572642753      1945.4011570709165      290.0158714083724
755     9050.0     380.4130572642753      1945.4011570709165      282.3558797060002
756     9060.0     380.4130572642753      1945.4011570709165      273.4612342283077
757     9070.0     380.4130572642753      1945.4011570709165      319.3137922829554
758     9080.0     380.4130572642753      1945.4011570709165      269.89099033595284
759     9090.0     380.4130572642753      1945.4011570709165      294.0145078968813
760     9100.0     380.4130572642753      1945.4011570709165      303.033366275093
761     9110.0     380.4130572642753      1945.4011570709165      276.2691231921318
762     9120.0     380.4130572642753      1945.4011570709165      308.5515108274404
763     9130.0     380.4130572642753      1945.4011570709165      279.42907169620486
764     9140.0     380.4130572642753      1945.4011570709165      254.8741569717422
765     9150.0     380.4130572642753      1945.4011570709165      255.32455387078826
766     9160.0     380.4130572642753      1945.4011570709165      258.4798711645938
767     9170.0     380.4130572642753      1945.4011570709165      298.2546406857887
768     9180.0     380.4130572642753      1945.4011570709165      290.58396302653676
769     9190.0     380.4130572642753      1945.4011570709165      301.25557111465724
770     9200.0     380.4130572642753      1945.4011570709165      261.32054820985513
771     9210.0     380.4130572642753      1945.4011570709165      265.4998833685927
772     9220.0     380.4130572642753      1945.4011570709165      266.1278077813947
773     9230.0     380.4130572642753      1945.4011570709165      327.15632222066154
774     9240.0     380.4130572642753      1945.4011570709165      256.30743767902925
775     9250.0     380.4130572642753      1945.4011570709165      275.59598952314764
776     9260.0     380.4130572642753      1945.4011570709165      260.2920082628638
777     9270.0     380.4130572642753      1945.4011570709165      333.67121295838695
778     9280.0     380.4130572642753      1945.4011570709165      288.4443128532343
779     9290.0     380.4130572642753      1945.4011570709165      284.7666866740255
780     9300.0     380.4130572642753      1945.4011570709165      272.396347922427
781     9310.0     380.4130572642753      1945.4011570709165      270.4679441116148
782     9320.0     380.4130572642753      1945.4011570709165      274.86243994900457
783     9330.0     380.4130572642753      1945.4011570709165      270.94959096187534
784     9340.0     380.4130572642753      1945.4011570709165      258.81100537386186
785     9350.0     380.4130572642753      1945.4011570709165      264.8031060832733
786     9360.0     380.4130572642753      1945.4011570709165      311.8048962564617
787     9370.0     380.4130572642753      1945.4011570709165      320.02455630341217
788     9380.0     380.4130572642753      1945.4011570709165      246.4532396272883
789     9390.0     380.4130572642753      1945.4011570709165      312.76638021230104
790     9400.0     380.4130572642753      1945.4011570709165      297.71288903505183
791     9410.0     380.4130572642753      1945.4011570709165      254.61842697588943
792     9420.0     380.4130572642753      1945.4011570709165      294.28765222858453
793     9430.0     380.4130572642753      1945.4011570709165      275.5130031110408
794     9440.0     380.4130572642753      1945.4011570709165      316.7993042265361
795     9450.0     380.4130572642753      1945.4011570709165      282.53363967028065
796     9460.0     380.4130572642753      1945.4011570709165      252.00545919113878
797     9470.0     380.4130572642753      1945.4011570709165      250.2232121982954
798     9480.0     380.4130572642753      1945.4011570709165      275.60661786587286
799     9490.0     380.4130572642753      1945.4011570709165      258.3318261544891
800     9500.0     380.4130572642753      1945.4011570709165      267.2968205653216
801     9510.0     380.4130572642753      1945.4011570709165      271.39212529750404
802     9520.0     380.4130572642753      1945.4011570709165      283.53749457353314
803     9530.0     380.4130572642753      1945.4011570709165      260.72832012222375
804     9540.0     380.4130572642753      1945.4011570709165      256.0150018568432
805     9550.0     380.4130572642753      1945.4011570709165      315.59992526625774
806     9560.0     380.4130572642753      1945.4011570709165      227.15017464381722
807     9570.0     380.4130572642753      1945.4011570709165      312.06984933446876
808     9580.0     380.4130572642753      1945.4011570709165      273.95936493459743
809     9590.0     380.4130572642753      1945.4011570709165      266.81686364802925
810     9600.0     380.4130572642753      1945.4011570709165      263.74034946999876
811     9610.0     380.4130572642753      1945.4011570709165      246.574033475861
812     9620.0     380.4130572642753      1945.4011570709165      282.52950154223896
813     9630.0     380.4130572642753      1945.4011570709165      281.05885830526057
814     9640.0     380.4130572642753      1945.4011570709165      296.16716221791626
815     9650.0     380.4130572642753      1945.4011570709165      320.4522258630009
816     9660.0     380.4130572642753      1945.4011570709165      294.24490923434445
817     9670.0     380.4130572642753      1945.4011570709165      301.4034961517384
818     9680.0     380.4130572642753      1945.4011570709165      267.98497789407566
819     9690.0     380.4130572642753      1945.4011570709165      269.6416459706787
820     9700.0     380.4130572642753      1945.4011570709165      278.7585437660044
821     9710.0     380.4130572642753      1945.4011570709165      296.72526072175935
822     9720.0     380.4130572642753      1945.4011570709165      289.23097993828895
823     9730.0     380.4130572642753      1945.4011570709165      300.66345718656896
824     9740.0     380.4130572642753      1945.4011570709165      328.05726229549623
825     9750.0     380.4130572642753      1945.4011570709165      326.0033211370497
826     9760.0     380.4130572642753      1945.4011570709165      271.22391436203435
827     9770.0     380.4130572642753      1945.4011570709165      269.452010229928
828     9780.0     380.4130572642753      1945.4011570709165      286.5249775873338
829     9790.0     380.4130572642753      1945.4011570709165      319.7468446494507
830     9800.0     380.4130572642753      1945.4011570709165      315.698362056441
831     9810.0     380.4130572642753      1945.4011570709165      313.3516487363183
832     9820.0     380.4130572642753      1945.4011570709165      297.9593596761902
833     9830.0     380.4130572642753      1945.4011570709165      304.25255566916405
834     9840.0     380.4130572642753      1945.4011570709165      284.80337792814834
835     9850.0     380.4130572642753      1945.4011570709165      338.08259210368
836     9860.0     380.4130572642753      1945.4011570709165      255.35571648414484
837     9870.0     380.4130572642753      1945.4011570709165      298.20004174200454
838     9880.0     380.4130572642753      1945.4011570709165      300.3507958257353
839     9890.0     380.4130572642753      1945.4011570709165      335.57891021540246
840     9900.0     380.4130572642753      1945.4011570709165      289.0317978331578
841     9910.0     380.4130572642753      1945.4011570709165      319.6086334405726
842     9920.0     380.4130572642753      1945.4011570709165      269.99712140549093
843     9930.0     380.4130572642753      1945.4011570709165      288.1341162188672
844     9940.0     380.4130572642753      1945.4011570709165      275.2179671096816
845     9950.0     380.4130572642753      1945.4011570709165      293.1040648813
846     9960.0     380.4130572642753      1945.4011570709165      287.88469070469205
847     9970.0     380.4130572642753      1945.4011570709165      293.9466666355334
848     9980.0     380.4130572642753      1945.4011570709165      354.2680607109064
849     9990.0     380.4130572642753      1945.4011570709165      309.9217025271859
850     10000.0     380.4130572642753      1945.4011570709165      315.08098187853267
851     10010.0     380.4130572642753      1945.4011570709165      318.27932199494995
852     10020.0     380.4130572642753      1945.4011570709165      295.29567136275165
853     10030.0     380.4130572642753      1945.4011570709165      262.51545097475065
854     10040.0     380.4130572642753      1945.4011570709165      271.1817001122672
855     10050.0     380.4130572642753      1945.4011570709165      310.795411177265
856     10060.0     380.4130572642753      1945.4011570709165      251.72299123902354
857     10070.0     380.4130572642753      1945.4011570709165      296.5949750544829
858     10080.0     380.4130572642753      1945.4011570709165      278.92263236440806
859     10090.0     380.4130572642753      1945.4011570709165      328.4740551164474
860     10100.0     380.4130572642753      1945.4011570709165      282.564251424199
861     10110.0     380.4130572642753      1945.4011570709165      312.04353834900155
862     10120.0     380.4130572642753      1945.4011570709165      272.7866458015012
863     10130.0     380.4130572642753      1945.4011570709165      299.2691920522067
864     10140.0     380.4130572642753      1945.4011570709165      303.24012537398164
865     10150.0     380.4130572642753      1945.4011570709165      275.3194756425669
866     10160.0     380.4130572642753      1945.4011570709165      286.1902415496561
867     10170.0     380.4130572642753      1945.4011570709165      353.94850669870203
868     10180.0     380.4130572642753      1945.4011570709165      312.67191906294545
869     10190.0     380.4130572642753      1945.4011570709165      283.02050184680354
870     10200.0     380.4130572642753      1945.4011570709165      291.0127251950328
871     10210.0     380.4130572642753      1945.4011570709165      265.0063530294785
872     10220.0     380.4130572642753      1945.4011570709165      308.4289831255535
873     10230.0     380.4130572642753      1945.4011570709165      299.1898953554244
874     10240.0     380.4130572642753      1945.4011570709165      302.95780428524154
875     10250.0     380.4130572642753      1945.4011570709165      330.30956765770077
876     10260.0     380.4130572642753      1945.4011570709165      276.2710567140397
877     10270.0     380.4130572642753      1945.4011570709165      248.82079558296678
878     10280.0     380.4130572642753      1945.4011570709165      271.2175422727277
879     10290.0     380.4130572642753      1945.4011570709165      278.251306376879
880     10300.0     380.4130572642753      1945.4011570709165      255.92034781462434
881     10310.0     380.4130572642753      1945.4011570709165      268.25081572621787
882     10320.0     380.4130572642753      1945.4011570709165      256.1637359496681
883     10330.0     380.4130572642753      1945.4011570709165      316.33400103457495
884     10340.0     380.4130572642753      1945.4011570709165      271.383137042772
885     10350.0     380.4130572642753      1945.4011570709165      284.9397357809006
886     10360.0     380.4130572642753      1945.4011570709165      276.82170925490163
887     10370.0     380.4130572642753      1945.4011570709165      287.4542755828715
888     10380.0     380.4130572642753      1945.4011570709165      259.04214543028013
889     10390.0     380.4130572642753      1945.4011570709165      235.83976984553925
890     10400.0     380.4130572642753      1945.4011570709165      244.5025113413849
891     10410.0     380.4130572642753      1945.4011570709165      235.93724077684976
892     10420.0     380.4130572642753      1945.4011570709165      294.8742543564424
893     10430.0     380.4130572642753      1945.4011570709165      337.4961820663326
894     10440.0     380.4130572642753      1945.4011570709165      272.76721447498716
895     10450.0     380.4130572642753      1945.4011570709165      288.1302369059457
896     10460.0     380.4130572642753      1945.4011570709165      307.6080871406517
897     10470.0     380.4130572642753      1945.4011570709165      296.50157387210953
898     10480.0     380.4130572642753      1945.4011570709165      297.34582067734897
899     10490.0     380.4130572642753      1945.4011570709165      285.76140504084873
900     10500.0     380.4130572642753      1945.4011570709165      278.96207311347035
901     10510.0     380.4130572642753      1945.4011570709165      273.3679791966893
902     10520.0     380.4130572642753      1945.4011570709165      276.22256434184993
903     10530.0     380.4130572642753      1945.4011570709165      278.82530680952664
904     10540.0     380.4130572642753      1945.4011570709165      333.2138604501033
905     10550.0     380.4130572642753      1945.4011570709165      316.3680380206368
906     10560.0     380.4130572642753      1945.4011570709165      295.5173734616824
907     10570.0     380.4130572642753      1945.4011570709165      273.6703549976847
908     10580.0     380.4130572642753      1945.4011570709165      243.92552560501252
909     10590.0     380.4130572642753      1945.4011570709165      286.0799999273401
910     10600.0     380.4130572642753      1945.4011570709165      309.4777803296005
911     10610.0     380.4130572642753      1945.4011570709165      304.65475269667263
912     10620.0     380.4130572642753      1945.4011570709165      310.34678888646573
913     10630.0     380.4130572642753      1945.4011570709165      300.1248526298907
914     10640.0     380.4130572642753      1945.4011570709165      284.8161671864395
915     10650.0     380.4130572642753      1945.4011570709165      270.7542421965622
916     10660.0     380.4130572642753      1945.4011570709165      339.0676118604633
917     10670.0     380.4130572642753      1945.4011570709165      259.19837762320554
918     10680.0     380.4130572642753      1945.4011570709165      290.4751132986747
919     10690.0     380.4130572642753      1945.4011570709165      284.37811319032187
920     10700.0     380.4130572642753      1945.4011570709165      300.84503925764284
921     10710.0     380.4130572642753      1945.4011570709165      274.7358939460242
922     10720.0     380.4130572642753      1945.4011570709165      272.7599558747955
923     10730.0     380.4130572642753      1945.4011570709165      273.62654703080756
924     10740.0     380.4130572642753      1945.4011570709165      292.7527145005328
925     10750.0     380.4130572642753      1945.4011570709165      262.58185707916635
926     10760.0     380.4130572642753      1945.4011570709165      264.2127324629044
927     10770.0     380.4130572642753      1945.4011570709165      313.1430392541188
928     10780.0     380.4130572642753      1945.4011570709165      254.48127040571867
929     10790.0     380.4130572642753      1945.4011570709165      300.3952276114371
930     10800.0     380.4130572642753      1945.4011570709165      249.15393584306966
931     10810.0     380.4130572642753      1945.4011570709165      316.38253075923046
932     10820.0     380.4130572642753      1945.4011570709165      257.3205631809696
933     10830.0     380.4130572642753      1945.4011570709165      262.0229675772145
934     10840.0     380.4130572642753      1945.4011570709165      258.03783077621523
935     10850.0     380.4130572642753      1945.4011570709165      295.8146706278224
936     10860.0     380.4130572642753      1945.4011570709165      277.00376466382846
937     10870.0     380.4130572642753      1945.4011570709165      280.5487833627058
938     10880.0     380.4130572642753      1945.4011570709165      316.57403745259364
939     10890.0     380.4130572642753      1945.4011570709165      296.44479778861853
940     10900.0     380.4130572642753      1945.4011570709165      301.9346224428696
941     10910.0     380.4130572642753      1945.4011570709165      299.8950104378185
942     10920.0     380.4130572642753      1945.4011570709165      268.9450626539436
943     10930.0     380.4130572642753      1945.4011570709165      289.50055655164914
944     10940.0     380.4130572642753      1945.4011570709165      353.52520055278836
945     10950.0     380.4130572642753      1945.4011570709165      267.7439456072375
946     10960.0     380.4130572642753      1945.4011570709165      277.20388953384725
947     10970.0     380.4130572642753      1945.4011570709165      260.3331856841343
948     10980.0     380.4130572642753      1945.4011570709165      249.99665169219162
949     10990.0     380.4130572642753      1945.4011570709165      220.08869930875827
950     11000.0     380.4130572642753      1945.4011570709165      281.64841289236233
951     11010.0     380.4130572642753      1945.4011570709165      339.0679801071505
952     11020.0     380.4130572642753      1945.4011570709165      287.3787583490072
953     11030.0     380.4130572642753      1945.4011570709165      264.5032267047968
954     11040.0     380.4130572642753      1945.4011570709165      256.72984025839077
955     11050.0     380.4130572642753      1945.4011570709165      271.07237537266246
956     11060.0     380.4130572642753      1945.4011570709165      286.96117931937675
957     11070.0     380.4130572642753      1945.4011570709165      279.22393442786836
958     11080.0     380.4130572642753      1945.4011570709165      265.38064071404426
959     11090.0     380.4130572642753      1945.4011570709165      270.15939399620004
960     11100.0     380.4130572642753      1945.4011570709165      234.93088196123566
961     11110.0     380.4130572642753      1945.4011570709165      284.1194796121715
962     11120.0     380.4130572642753      1945.4011570709165      255.57626478813532
963     11130.0     380.4130572642753      1945.4011570709165      287.8247203362087
964     11140.0     380.4130572642753      1945.4011570709165      251.20013913504025
965     11150.0     380.4130572642753      1945.4011570709165      285.0364239562564
966     11160.0     380.4130572642753      1945.4011570709165      344.7069681654881
967     11170.0     380.4130572642753      1945.4011570709165      272.49546527400014
968     11180.0     380.4130572642753      1945.4011570709165      283.77641105722915
969     11190.0     380.4130572642753      1945.4011570709165      295.2056262306947
970     11200.0     380.4130572642753      1945.4011570709165      341.9805758491963
971     11210.0     380.4130572642753      1945.4011570709165      238.61887921077013
972     11220.0     380.4130572642753      1945.4011570709165      290.20030314205655
973     11230.0     380.4130572642753      1945.4011570709165      294.8384226022562
974     11240.0     380.4130572642753      1945.4011570709165      279.7278194765616
975     11250.0     380.4130572642753      1945.4011570709165      299.9723806306542
976     11260.0     380.4130572642753      1945.4011570709165      297.7507736874265
977     11270.0     380.4130572642753      1945.4011570709165      282.85116252295387
978     11280.0     380.4130572642753      1945.4011570709165      222.02850944514125
979     11290.0     380.4130572642753      1945.4011570709165      291.68706367438136
980     11300.0     380.4130572642753      1945.4011570709165      247.93143996232823
981     11310.0     380.4130572642753      1945.4011570709165      255.14116511415378
982     11320.0     380.4130572642753      1945.4011570709165      267.7346503497237
983     11330.0     380.4130572642753      1945.4011570709165      285.22337127707243
984     11340.0     380.4130572642753      1945.4011570709165      289.757685959409
985     11350.0     380.4130572642753      1945.4011570709165      258.4864736299132
986     11360.0     380.4130572642753      1945.4011570709165      272.2379925112056
987     11370.0     380.4130572642753      1945.4011570709165      252.97267614703168
988     11380.0     380.4130572642753      1945.4011570709165      281.765259782955
989     11390.0     380.4130572642753      1945.4011570709165      282.47674673402645
990     11400.0     380.4130572642753      1945.4011570709165      269.71285639933745
991     11410.0     380.4130572642753      1945.4011570709165      276.0560257759158
992     11420.0     380.4130572642753      1945.4011570709165      298.13985247335705
993     11430.0     380.4130572642753      1945.4011570709165      276.4824489166249
994     11440.0     380.4130572642753      1945.4011570709165      280.57052514970036
995     11450.0     380.4130572642753      1945.4011570709165      310.0924910902368
996     11460.0     380.4130572642753      1945.4011570709165      280.9423204719174
997     11470.0     380.4130572642753      1945.4011570709165      267.3502675449958
998     11480.0     380.4130572642753      1945.4011570709165      283.1287481793122
999     11490.0     380.4130572642753      1945.4011570709165      286.39219575119205
