1     295.16211163922753
2     209.9426598228817
3     177.9410856463325
4     161.24719428071165
5     151.42408185564574
6     143.40370137755278
7     132.93616711714935
8     124.36378265320327
9     117.46995202557387
10     112.1541366201505
11     107.55499526187934
12     103.85268118050757
13     100.51292756257193
14     97.97539393619691
15     95.66531111730315
16     93.59401804775875
17     91.81788234172082
18     90.11646866548152
19     88.61076278056845
20     87.28201055500105
21     86.05007342199082
22     85.04792769894239
23     83.92621970725766
24     82.89878616626102
25     82.17836420877683
26     81.38494126099687
27     80.71758806511008
28     80.14476146228742
29     79.22750504489696
30     78.77525935176841
31     78.17557038587938
32     77.59896407997446
33     77.33643062017835
34     76.88427902802279
35     76.4732945243397
36     76.03560884747286
37     75.43548521739044
38     75.37287637002034
39     74.86336721063331
40     74.73681626875607
41     74.23288379283292
42     73.86251181682252
43     73.72296960803911
44     73.35835537882315
45     73.23830635026917
46     72.81213045878252
47     72.59501336032555
48     72.53413030566406
49     72.17019619738485
50     71.97556145815885
51     71.8094287648447
52     71.29951807909875
53     71.59082005917881
54     71.17960740837671
55     71.04070605923732
56     70.8919897150102
57     70.8497459082723
58     70.4607520748651
59     70.4470308670515
60     70.14817308005401
61     70.1440612107758
62     70.06716119358883
63     69.91169386571312
64     69.8603872105862
65     69.70915812563422
66     69.35926363095166
67     69.36334703337259
68     69.38643343077429
69     69.19651669256062
70     68.92845804422332
71     68.88433677364705
72     68.82148448527819
73     68.81077721252156
74     68.72436947764157
75     68.5762596260695
76     68.54232779935646
77     68.41543383503127
78     68.32624745342085
79     68.26530665334047
80     68.20206694327864
81     68.12644079361915
82     68.06985583643741
83     67.85868464473947
84     67.81340494227052
85     67.85055762137009
86     67.81191725760442
87     67.7166093386377
88     67.53255231510725
89     67.62654171575538
90     67.36506535254867
91     67.33818334398653
92     67.17053119754888
93     67.34204159542202
94     67.15457450456982
95     67.09806881487236
96     67.17437689636084
97     67.00287434830226
98     66.90036447863983
99     66.68840619980449
