0     93.13416001457489     18
1     385.14506945625476     99
2     484.4371765512969     156
3     506.4153154511737     188
4     509.2837940297028     206
5     505.82533617094543     219
6     495.23697806468283     229
7     479.8004293035145     235
8     465.034749196691     240
9     453.3155846162496     246
10     443.5341008424288     249
11     430.97746039561605     250
12     412.7602908954162     249
13     394.573520168698     248
14     379.0197314135912     247
15     364.01565035988426     246
16     351.89648097544983     247
17     341.6485212073527     246
18     331.16862275739027     246
19     324.073231907267     249
20     315.7487192759159     248
21     308.1255761678805     248
22     302.429162408638     248
23     297.04406756750916     248
24     291.1869665258313     247
25     285.97332277541256     248
26     281.96446323699956     248
27     278.1276155427338     249
28     274.0851361369724     248
29     270.42270601428254     248
30     266.30970394611325     247
31     263.41193445810984     248
32     260.18652857656093     248
33     258.12341683677005     248
34     254.6933681204593     247
35     252.82542798315546     248
36     250.34000925503204     248
37     247.98291984959818     247
38     246.3967674961097     247
39     243.91356030570566     247
40     242.29483687619668     247
41     240.52311088408484     246
42     238.85696150784383     247
43     237.69808236393845     248
44     235.48005625888413     247
45     233.63050773397055     247
46     232.26296967256621     247
47     231.45546140230283     246
48     229.48175797021858     246
49     229.025997325155     246
50     227.9180992970808     246
51     226.20258406852503     246
52     225.4170515704044     246
53     224.2716534450549     245
54     223.73387855849228     245
55     222.53511122767264     245
56     221.16837064937184     242
57     219.9977512108509     240
58     218.565571609485     239
59     217.14162533359027     235
60     215.62013352437643     232
61     214.40520557414234     226
62     212.70737943978335     222
63     211.48969663207887     219
64     209.66201844761127     213
65     208.24045430151483     208
66     206.56642193606643     204
67     205.07306896251717     201
68     203.10156339861743     197
69     201.59915931737683     192
70     200.23067546438256     191
71     198.97588191686884     188
72     197.61307137941665     185
73     195.95038798538792     182
74     194.49971907681606     180
75     193.22410317656252     177
76     191.88320658521985     176
77     190.65178431129044     174
78     189.33627140221427     173
79     188.1285337394687     171
80     187.06731393172905     169
81     185.64402378186514     168
82     184.61876862496084     167
83     183.79986545566604     166
84     182.2715465815151     165
85     181.81770763627222     162
86     180.63352733307494     161
87     179.63269573546123     160
88     178.88566074737776     159
89     177.76074929866735     158
90     176.97200426469357     157
91     175.9389587055574     156
92     174.99425723274052     154
93     174.19839751728995     153
94     173.54504703208232     153
95     172.37350290966046     151
96     171.4605385091457     150
97     170.9012042574741     149
98     170.01275573997967     148
99     169.5131837959004     147
100     168.80596853302177     146
101     168.02226498868134     144
102     167.29265321658076     144
103     166.48891392024456     143
104     166.0815376915621     143
105     165.18320747306677     142
106     164.54913318254407     141
107     164.0023796662755     140
108     163.13048388836557     139
109     162.50746367823066     138
110     161.81491139955472     136
111     161.01101858928044     137
112     160.69537858186104     135
113     160.23820383795274     135
114     159.3975781228747     133
115     158.90420346324066     133
116     158.46989993340702     133
117     158.0270275566125     132
118     157.28942685937088     131
119     156.83777310694822     131
120     156.32791548825926     130
121     155.91492515023668     128
122     155.235057290619     128
123     154.755062995458     128
124     154.29672927083547     126
125     153.80076564920967     126
126     153.1859514411401     126
127     152.873707927496     125
128     152.3603775866461     125
129     152.05265370294475     124
130     151.70458654881412     123
131     151.22680026036815     122
132     150.62156788061444     122
133     150.15576544966964     121
134     149.81027178042547     121
135     149.45447151944674     120
136     149.1222234480304     120
137     148.51535630432838     119
138     148.15853852344418     118
139     147.6721374176892     118
140     147.40549757845457     117
141     147.11545516117314     117
142     146.84812103659087     117
143     146.54567630187813     116
144     146.3343144826443     115
145     145.64224205712398     115
146     145.37612002575452     114
147     145.26165420543043     114
148     144.6437272688514     114
149     144.3774383126316     113
150     143.8085065966383     112
151     143.63867692195845     112
152     143.2233338999612     111
153     143.10274863703165     111
154     142.59138333988508     110
155     142.40572162014928     110
156     142.10586817373417     109
157     141.72414207344116     109
158     141.3782567043301     109
159     141.01548632075333     108
160     140.85015128560477     107
161     140.5393939140434     107
162     140.07875589242178     106
163     139.76570437072039     107
164     139.7174070759222     106
165     139.243443245106     105
166     138.99658250103192     105
167     138.7872530630995     104
168     138.46654976724002     104
169     138.45049138927453     104
170     138.11247681981442     103
171     137.97269768709904     103
172     137.5297102607301     103
173     137.31242949573164     103
174     136.99374402695085     102
175     136.86942868198656     101
176     136.5458171965535     101
177     136.24563051300257     100
178     136.0543978149802     101
179     135.66848550365074     100
180     135.59277819390113     100
181     135.36616558863142     99
182     135.17379350190404     99
183     135.01718207841822     98
184     134.47452233822946     98
185     134.4718799156152     98
186     134.35843157114513     97
187     133.9815950840916     98
188     133.8392018928724     97
189     133.62003808818784     97
190     133.37671345764085     96
191     133.14247943426474     96
192     132.9102004650381     95
193     132.79689901110618     95
194     132.67459212896512     95
195     132.46575321648325     95
196     132.3352806079615     94
197     131.7846109269741     94
198     131.69453490146464     94
199     131.62649572305216     93
200     131.46185595217557     93
201     131.3961857724444     93
202     131.08127130459445     93
203     131.02275614577547     92
204     130.55467354487809     92
205     130.57095377021608     92
206     130.39357604144215     92
207     130.10047202927896     91
208     130.17132619644502     91
209     129.7510233441174     90
210     129.54231060010775     90
211     129.35619037020777     90
212     129.29919861160448     90
213     129.17719164256826     90
214     128.99878320792814     89
215     128.981579593488     89
216     128.6062758720499     89
217     128.45947649828136     89
218     128.23955415884097     89
219     128.28984375009443     88
220     127.93465914657389     88
221     127.86547032501358     88
222     127.65220192265531     88
223     127.52541472541125     88
224     127.47726508206559     87
225     127.36081486011672     86
226     127.12571795600971     86
227     126.82168212220549     86
228     126.77439007786963     85
229     126.64852428028256     85
230     126.55501311539636     85
231     126.32613186450453     85
232     126.35386941754086     85
233     126.07590487524462     85
234     125.82331803308958     84
235     125.89287115524284     85
236     125.71240949366906     84
237     125.53930442305936     84
238     125.49675413573236     84
239     125.38400875582067     84
240     125.03088411621039     83
241     125.0666194416532     83
242     124.87558101572507     83
243     124.6846018794617     83
244     124.72373317542333     83
245     124.66522677432516     82
246     124.41506092408162     82
247     124.24638610850252     82
248     124.14077093349403     81
249     123.98821221731615     82
250     124.02868753572336     81
251     123.75512010351895     81
252     123.66042617675252     81
253     123.43176099360575     80
254     123.36992834740944     80
255     123.0320457426472     80
256     123.092495430204     80
257     123.09291435562332     80
258     122.85529193366608     80
259     122.81283338706297     80
260     122.54856748918512     79
261     122.52669099346583     79
262     122.49765012235362     79
263     122.41160821066367     78
264     122.33897528549828     78
265     122.20032227624363     78
266     122.16130182499593     78
267     121.99991799030093     78
268     121.8992813523451     77
269     121.67262423578322     77
270     121.62793553162562     78
271     121.58048269273901     77
272     121.49403891369796     77
273     121.39352994336357     77
274     121.22969427830967     77
275     121.19365147852756     77
276     121.04427976217521     76
277     120.88556150971078     76
278     120.77291193603097     76
279     120.58318473070577     76
280     120.74291931513794     76
281     120.6635568355555     75
282     120.43368642694251     75
283     120.35287418929833     75
284     120.25923681546242     75
285     120.3272482327237     75
286     120.06126301100635     75
287     120.032887717627     75
288     119.89502798162773     74
289     119.85534518733475     74
290     119.8451315024251     74
291     119.61970867622847     73
292     119.55011890591591     74
293     119.41320504660223     74
294     119.24721056150938     73
295     119.27440570694266     74
296     119.08830123346284     73
297     119.1064892254222     73
298     119.04394471025125     73
299     119.00670155126079     72
300     118.86144926234721     73
301     118.684062141639     73
302     118.73210947165458     72
303     118.64660548759537     72
304     118.45637331887856     72
305     118.32686204859972     71
306     118.36722375936843     72
307     118.27059550626845     72
308     118.21633400341749     71
309     118.1101301676958     71
310     117.98626242233946     71
311     117.8787235653839     71
312     117.89270182738166     71
313     117.8882914712656     70
314     117.78615040886544     71
315     117.57606456878135     70
316     117.54537372954664     70
317     117.48486735370993     70
318     117.44065389265488     70
319     117.38598576435126     70
320     117.28189132940993     70
321     117.2075935458211     70
322     117.13344115684016     70
323     117.1304471301446     70
324     116.89449208400376     69
325     116.87361390302627     69
326     116.85452432420335     69
327     116.82480279212308     69
328     116.60107656092767     68
329     116.6138331135904     68
330     116.44415803235394     69
331     116.48995770827932     69
332     116.4202598516402     68
333     116.27383655979105     68
334     116.17952491208213     68
335     116.17173502180023     68
336     116.10079499602476     68
337     116.12987534055561     68
338     116.03152416895144     68
339     115.8948815757172     67
340     115.77456049961361     68
341     115.8639435313462     68
342     115.7158982044743     67
343     115.61496113733081     67
344     115.67092654215224     67
345     115.59560903238216     67
346     115.52858966051397     67
347     115.3948374619889     67
348     115.20924799299623     67
349     115.27895057855227     66
350     115.27492349766128     66
351     115.11646882813262     66
352     115.10378197589424     66
353     115.06443092789749     66
354     115.0489653750421     65
355     114.91343752315261     65
356     114.90187523706606     65
357     114.68166269479403     65
358     114.84137122703662     65
359     114.60758600481623     65
360     114.57733859335576     65
361     114.55280951649279     65
362     114.49677497965703     65
363     114.33088594158372     65
364     114.1878246614262     65
365     114.26443418329936     65
366     114.36187868979883     64
367     114.16460379868886     65
368     114.07206720833958     65
369     114.11720964690221     64
370     114.05835851854631     64
371     113.9820712584399     64
372     113.94974662896493     64
373     113.9199254116781     64
374     113.85038716629354     64
375     113.72123053406249     64
376     113.6739950319751     64
377     113.68663104612091     64
378     113.58837905798973     64
379     113.48233293423804     64
380     113.44199084254242     63
381     113.49436840317213     63
382     113.34881839980545     63
383     113.32438956958723     63
384     113.29846657340008     63
385     113.18715748116182     63
386     113.12967773127251     63
387     113.15113645378844     62
388     113.1210373904661     63
389     112.9825780232154     63
390     112.9069698971051     62
391     112.84018537750276     62
392     112.88336662985382     62
393     112.93034251978365     62
394     112.80466005480883     62
395     112.64358782222116     62
396     112.67646713264374     62
397     112.63362867805     62
398     112.5139926613669     62
399     112.60676788865322     62
400     112.48689338663604     61
401     112.40519011792183     62
402     112.40090536092863     61
403     112.43549558485255     61
404     112.32854892761523     61
405     112.19209425876379     61
406     112.17427056027923     61
407     112.11843768820584     61
408     112.10268094774398     61
409     112.04676316112567     61
410     112.0803162189457     60
411     111.85891107307667     61
412     111.90441550558933     60
413     111.87984226279897     61
414     111.87213517529764     60
415     111.79649228030259     60
416     111.69102044724389     60
417     111.71722741689692     60
418     111.66097353396444     60
419     111.63161134661308     60
420     111.59299401135027     60
421     111.54031037259398     60
422     111.51762097296307     60
423     111.45018883468592     59
424     111.46572903604226     59
425     111.48276497004449     59
426     111.32449762022271     59
427     111.23900393120394     60
428     111.17372696237757     59
429     111.23616553522997     59
430     111.15248679807384     59
431     111.13939089787787     59
432     111.1381012923565     60
433     110.97834825654792     59
434     110.94670957534031     59
435     110.9055938022198     58
436     110.83649961650734     58
437     110.92555659130203     59
438     110.78447050320322     58
439     110.8457576883091     59
440     110.73532214355404     58
441     110.6717571084447     58
442     110.66607836548502     58
443     110.60921474693076     58
444     110.65743271160753     59
445     110.59247972978443     58
446     110.49946142024359     58
447     110.4883870419947     58
448     110.53619997537675     58
449     110.3137905182643     58
450     110.38298455279397     58
451     110.23772848861348     57
452     110.29320928341686     57
453     110.2356597268362     57
454     110.23496010516568     58
455     110.2604110611456     57
456     110.14263164187915     57
457     110.0829231491796     57
458     110.09127022301358     57
459     110.10365782543005     57
460     109.99750590277509     57
461     109.91043102578506     57
462     109.8929443589741     57
463     109.78940320360566     57
464     109.88088065391517     56
465     109.88474720062622     56
466     109.8762528398218     56
467     109.74482398623115     56
468     109.7591507772623     56
469     109.6603894810648     56
470     109.59244388508633     56
471     109.64231412187408     56
472     109.53341783014703     56
473     109.57875613365388     56
474     109.45207209059346     56
475     109.44343837645833     56
476     109.51051858098886     56
477     109.3836459126273     56
478     109.35772090935741     56
479     109.34441575885393     56
480     109.28585643520344     55
481     109.27952404525605     55
482     109.22987505535792     56
483     109.21887775946784     55
484     109.07827033817212     56
485     109.1223498034334     55
486     109.09218668290941     55
487     109.04192835867914     54
488     109.13673138682266     55
489     109.04846921903113     54
490     108.88680426441356     55
491     108.96812685839744     55
492     108.92061866883381     55
493     108.94488906526854     55
494     108.88337006328355     55
495     108.8112243195812     54
496     108.84052935173422     55
497     108.75386595918107     55
498     108.71609899342569     55
499     108.68795004343772     54
