1     1600.0     253.24529419918184      1902.9139771643408      335.18636797465956
2     1700.0     271.953808382032      1902.9139771643408      278.24803520825
3     1800.0     287.7159336692871      1902.9139771643408      269.37078422997536
4     1900.0     304.89012750867727      1902.9139771643408      285.5251433589945
5     2000.0     321.8492851780356      1902.9139771643408      231.04181966678377
6     2100.0     338.54695562056565      1902.9139771643408      273.6808922564065
7     2200.0     352.44747775471325      1902.9139771643408      271.28300519345834
8     2300.0     365.58917058829104      1902.9139771643408      273.43763329012785
9     2400.0     367.67590546630726      1902.9139771643408      214.34684357397015
10     2500.0     370.2408051671104      1902.9139771643408      247.12515186248137
11     2600.0     370.8477318640356      1902.9139771643408      248.48279981345848
12     2700.0     371.5641290182424      1902.9139771643408      245.41976802904006
13     2800.0     372.30574890058      1902.9139771643408      242.99591190185555
14     2900.0     372.9970944452741      1902.9139771643408      270.87402206231275
15     3000.0     373.6545049383631      1902.9139771643408      278.02991892140705
16     3100.0     374.0745950371828      1902.9139771643408      257.3704484838285
17     3200.0     374.0745950371828      1902.9139771643408      245.70087530247037
18     3300.0     374.0745950371828      1902.9139771643408      272.5872941411344
19     3400.0     374.0745950371828      1902.9139771643408      296.24772845058516
20     3500.0     374.0745950371828      1902.9139771643408      296.32891000473705
21     3600.0     374.0745950371828      1902.9139771643408      241.5462802177473
22     3700.0     374.0745950371828      1902.9139771643408      249.3225812240957
23     3800.0     374.0745950371828      1902.9139771643408      258.90968385459894
24     3900.0     374.0745950371828      1902.9139771643408      219.72907141663228
25     4000.0     374.0745950371828      1902.9139771643408      227.89384987342527
26     4100.0     374.0745950371828      1902.9139771643408      301.2698016715039
27     4200.0     374.0745950371828      1902.9139771643408      246.30518279438456
28     4300.0     374.0745950371828      1902.9139771643408      300.8723511970298
29     4400.0     374.0745950371828      1902.9139771643408      308.77267169807243
30     4500.0     374.0745950371828      1902.9139771643408      254.61918396427862
31     4600.0     374.0745950371828      1902.9139771643408      226.35780720330052
32     4700.0     374.0745950371828      1902.9139771643408      294.9048689489741
33     4800.0     374.0745950371828      1902.9139771643408      283.7346260825982
34     4900.0     374.0745950371828      1902.9139771643408      234.2479420401595
35     5000.0     374.0745950371828      1902.9139771643408      280.18111922812005
36     5100.0     374.0745950371828      1902.9139771643408      253.64098427029052
37     5200.0     374.0745950371828      1902.9139771643408      270.4518951939986
38     5300.0     374.0745950371828      1902.9139771643408      266.9879102500899
39     5400.0     374.0745950371828      1902.9139771643408      231.95692086440158
40     5500.0     374.0745950371828      1902.9139771643408      272.4629737785666
41     5600.0     374.0745950371828      1902.9139771643408      214.9188969325327
42     5700.0     374.0745950371828      1902.9139771643408      267.32946926560385
43     5800.0     374.0745950371828      1902.9139771643408      244.05180743399143
44     5900.0     374.0745950371828      1902.9139771643408      247.7471762384746
45     6000.0     374.0745950371828      1902.9139771643408      254.032619835634
46     6100.0     374.0745950371828      1902.9139771643408      252.3496618538171
47     6200.0     374.0745950371828      1902.9139771643408      273.667971852782
48     6300.0     374.0745950371828      1902.9139771643408      264.43284473777277
49     6400.0     374.0745950371828      1902.9139771643408      265.5864742953198
