1     1510.0     237.34594104906313      1855.4838781517012      211.30625890920686
2     1520.0     239.13542732807568      1855.4838781517012      279.39034388606854
3     1530.0     240.80000604371952      1855.4838781517012      265.41436264301575
4     1540.0     242.3987753034486      1855.4838781517012      275.8743866812421
5     1550.0     243.47869634565532      1855.4838781517012      280.43024432118114
6     1560.0     245.87577853243036      1855.4838781517012      257.9417210472628
7     1570.0     248.66810533618323      1855.4838781517012      317.37534004624814
8     1580.0     249.8499180312035      1855.4838781517012      259.0432654905907
9     1590.0     251.63343890139643      1855.4838781517012      250.16217966385182
10     1600.0     252.99461652724617      1855.4838781517012      259.48060712490235
11     1610.0     254.62121372286916      1855.4838781517012      232.821260523427
12     1620.0     256.63852849392055      1855.4838781517012      280.0104575360597
13     1630.0     258.17362154664886      1855.4838781517012      266.38339019230955
14     1640.0     259.8000273270672      1855.4838781517012      232.93218330157254
15     1650.0     260.5754288509438      1855.4838781517012      264.27662977478695
16     1660.0     262.6487931438001      1855.4838781517012      231.41208575761095
17     1670.0     264.47005343448365      1855.4838781517012      238.8504230222954
18     1680.0     266.46864841595294      1855.4838781517012      288.08606629019295
19     1690.0     267.91825321375575      1855.4838781517012      260.41025693297354
20     1700.0     269.4794985995803      1855.4838781517012      267.51274070591444
21     1710.0     270.3959238273405      1855.4838781517012      264.2857439673991
22     1720.0     273.3887077364667      1855.4838781517012      269.4086929155031
23     1730.0     275.25035181043063      1855.4838781517012      245.34886318784237
24     1740.0     276.45989740316764      1855.4838781517012      243.78129695019274
25     1750.0     277.40657783823474      1855.4838781517012      260.32167686341677
26     1760.0     278.935349901532      1855.4838781517012      312.8655300837854
27     1770.0     282.7329138959101      1855.4838781517012      311.242390129401
28     1780.0     284.16375019260994      1855.4838781517012      258.0873772815159
29     1790.0     284.35051211221037      1855.4838781517012      270.7532767273977
30     1800.0     286.7334643041525      1855.4838781517012      254.8745841553748
31     1810.0     286.7917491781152      1855.4838781517012      242.5042355684564
32     1820.0     289.45590939202873      1855.4838781517012      238.71596638513128
33     1830.0     290.89688310760243      1855.4838781517012      217.50281819818332
34     1840.0     292.70234476731065      1855.4838781517012      275.27914984245876
35     1850.0     293.59922446003804      1855.4838781517012      264.8825926923122
36     1860.0     297.587724690352      1855.4838781517012      279.31346544009443
37     1870.0     298.9172342997929      1855.4838781517012      248.26270171178194
38     1880.0     300.8402605590214      1855.4838781517012      259.7872420057805
39     1890.0     302.25343440564853      1855.4838781517012      294.9376826977173
40     1900.0     304.44775175879323      1855.4838781517012      230.29084461187438
41     1910.0     305.3139869263921      1855.4838781517012      269.56250738585265
42     1920.0     307.0249624745999      1855.4838781517012      255.61236103860767
43     1930.0     307.5658081515257      1855.4838781517012      285.0393284155256
44     1940.0     309.7474075624761      1855.4838781517012      277.90115609237887
45     1950.0     311.23092371960416      1855.4838781517012      239.7416275748691
46     1960.0     312.80156829943826      1855.4838781517012      253.4097482439325
47     1970.0     313.4827449447379      1855.4838781517012      260.84694512866434
48     1980.0     314.47410971641506      1855.4838781517012      256.64943671198
49     1990.0     315.24015144417234      1855.4838781517012      278.1201562340497
50     2000.0     316.6034711912078      1855.4838781517012      268.30077339684897
51     2010.0     318.0500556885892      1855.4838781517012      245.6395173573431
52     2020.0     319.34680992611686      1855.4838781517012      273.47988722523314
53     2030.0     319.7891906438702      1855.4838781517012      296.00754452982517
54     2040.0     325.8432358669093      1855.4838781517012      245.8560388102773
55     2050.0     326.52270911490774      1855.4838781517012      266.65489813444407
56     2060.0     328.0330618478399      1855.4838781517012      276.3605616574
57     2070.0     329.8348541516985      1855.4838781517012      296.4152585404772
58     2080.0     330.5023987315966      1855.4838781517012      229.63654562464177
59     2090.0     331.18187197959503      1855.4838781517012      277.8329300879516
60     2100.0     333.3697975489583      1855.4838781517012      240.91046410307493
61     2110.0     334.50042790886454      1855.4838781517012      262.43195336285856
62     2120.0     336.4928006376231      1855.4838781517012      304.5892764602408
63     2130.0     337.9143316486167      1855.4838781517012      272.28365664873
64     2140.0     337.3083356220904      1855.4838781517012      236.61892455265698
65     2150.0     337.39490410184925      1855.4838781517012      311.74088163287996
66     2160.0     337.4808274698345      1855.4838781517012      267.3794273231998
67     2170.0     337.4808274698345      1855.4838781517012      260.3650359822652
68     2180.0     337.56739594959333      1855.4838781517012      279.8125968486566
69     2190.0     337.69217272305934      1855.4838781517012      261.703088435495
70     2200.0     337.7592300160741      1855.4838781517012      216.8788100997523
71     2210.0     338.32738055280254      1855.4838781517012      264.8431641039062
72     2220.0     338.4139490325614      1855.4838781517012      228.82132235484343
73     2230.0     338.4139490325614      1855.4838781517012      262.46258880678477
74     2240.0     338.4998724005466      1855.4838781517012      273.01631517938796
75     2250.0     338.81039878629446      1855.4838781517012      272.63012975224194
76     2260.0     338.8969672660533      1855.4838781517012      226.31547961481706
77     2270.0     338.98289063403854      1855.4838781517012      259.0057435176863
78     2280.0     339.0694591137974      1855.4838781517012      288.8985353707075
79     2290.0     339.0694591137974      1855.4838781517012      228.74172747057685
80     2300.0     339.1942358872634      1855.4838781517012      291.0898399375634
81     2310.0     339.2612931802782      1855.4838781517012      274.14226535967384
82     2320.0     336.4682640496212      1855.4838781517012      251.52934143919194
83     2330.0     336.55483252938006      1855.4838781517012      313.8026495944481
84     2340.0     336.6407558973653      1855.4838781517012      268.6080325479789
85     2350.0     336.72732437712415      1855.4838781517012      300.9401296466097
86     2360.0     336.72732437712415      1855.4838781517012      201.1444248295286
87     2370.0     336.85210115059016      1855.4838781517012      262.34800029978976
88     2380.0     336.91915844360494      1855.4838781517012      260.6521467702462
89     2390.0     337.0057269233638      1855.4838781517012      254.964766872706
90     2400.0     340.4791319732941      1855.4838781517012      271.09836881300265
91     2410.0     340.56570045305295      1855.4838781517012      211.86132987080083
92     2420.0     340.56570045305295      1855.4838781517012      228.30710813579273
93     2430.0     340.69047722651896      1855.4838781517012      292.215809229021
94     2440.0     334.08089954091514      1855.4838781517012      287.3040465613326
95     2450.0     334.167468020674      1855.4838781517012      294.03748421434705
96     2460.0     334.2533913886592      1855.4838781517012      301.66274222452637
97     2470.0     334.3399598684181      1855.4838781517012      275.7514946163243
98     2480.0     334.3399598684181      1855.4838781517012      298.6077891786039
99     2490.0     334.4647366418841      1855.4838781517012      271.9481552375907
100     2500.0     334.5317939348989      1855.4838781517012      287.1358074004851
101     2510.0     334.6183624146577      1855.4838781517012      270.1968493506203
102     2520.0     334.73058779720265      1855.4838781517012      250.3249544519986
103     2530.0     334.73058779720265      1855.4838781517012      267.9951047307319
104     2540.0     334.8171562769615      1855.4838781517012      281.5545058463813
105     2550.0     334.9419330504275      1855.4838781517012      282.29561314669337
106     2560.0     335.00899034344224      1855.4838781517012      233.22481443734767
107     2570.0     335.0955588232011      1855.4838781517012      278.50985004623305
108     2580.0     335.0955588232011      1855.4838781517012      265.72147975295195
109     2590.0     335.2203355966671      1855.4838781517012      250.55447358810704
110     2600.0     335.30690407642595      1855.4838781517012      287.56223423719825
111     2610.0     335.30690407642595      1855.4838781517012      257.945552175517
112     2620.0     335.42996980568563      1855.4838781517012      279.3639672032917
113     2630.0     335.42996980568563      1855.4838781517012      245.49667562746313
114     2640.0     335.57061736727684      1855.4838781517012      263.31421577994104
115     2650.0     335.655534336455      1855.4838781517012      298.64720862259946
116     2660.0     335.655534336455      1855.4838781517012      295.9252582034441
117     2670.0     335.79618189804614      1855.4838781517012      262.87300835525076
118     2680.0     335.93864630883274      1855.4838781517012      247.58878485919186
119     2690.0     335.9908439847247      1855.4838781517012      290.869686092292
120     2700.0     335.9908439847247      1855.4838781517012      287.44855696452504
121     2710.0     336.13149154631583      1855.4838781517012      252.5362048903822
122     2720.0     336.216408515494      1855.4838781517012      228.1187101916791
123     2730.0     336.216408515494      1855.4838781517012      238.63896954831847
124     2740.0     336.35705607708513      1855.4838781517012      268.4312992563776
125     2750.0     336.35705607708513      1855.4838781517012      243.9626596974144
126     2760.0     336.49952048787173      1855.4838781517012      284.88153058666336
127     2770.0     336.49952048787173      1855.4838781517012      254.0825813134282
128     2780.0     336.49952048787173      1855.4838781517012      258.6070566443834
129     2790.0     336.49952048787173      1855.4838781517012      288.0389311682975
130     2800.0     336.7801005464149      1855.4838781517012      289.45584183728073
131     2810.0     336.9225649572015      1855.4838781517012      287.378214000664
132     2820.0     336.9225649572015      1855.4838781517012      240.31888486308972
133     2830.0     336.9225649572015      1855.4838781517012      263.86110845263215
134     2840.0     336.9225649572015      1855.4838781517012      282.74036841395815
135     2850.0     336.9225649572015      1855.4838781517012      282.4456813551955
136     2860.0     336.9225649572015      1855.4838781517012      253.3293023290945
137     2870.0     336.9225649572015      1855.4838781517012      254.00441257467264
138     2880.0     336.9225649572015      1855.4838781517012      320.3567581408403
139     2890.0     336.9225649572015      1855.4838781517012      316.014380966884
140     2900.0     336.9225649572015      1855.4838781517012      237.5073899315567
141     2910.0     336.9225649572015      1855.4838781517012      242.6323493931518
142     2920.0     336.9225649572015      1855.4838781517012      271.5562726749984
143     2930.0     336.9225649572015      1855.4838781517012      247.66155094273518
144     2940.0     336.9225649572015      1855.4838781517012      256.6158306368038
145     2950.0     336.9225649572015      1855.4838781517012      267.30549689247084
146     2960.0     336.9225649572015      1855.4838781517012      293.45943514517444
147     2970.0     336.9225649572015      1855.4838781517012      266.0927501549614
148     2980.0     336.9225649572015      1855.4838781517012      291.55779539944876
149     2990.0     336.9225649572015      1855.4838781517012      277.9232621720782
150     3000.0     336.9225649572015      1855.4838781517012      284.4772389582109
151     3010.0     336.9225649572015      1855.4838781517012      266.85843518643014
152     3020.0     336.9225649572015      1855.4838781517012      244.7716052189185
153     3030.0     336.9225649572015      1855.4838781517012      272.1770836982593
154     3040.0     336.9225649572015      1855.4838781517012      259.61893891127636
155     3050.0     336.9225649572015      1855.4838781517012      286.84698402308675
156     3060.0     336.9225649572015      1855.4838781517012      269.8743183193219
157     3070.0     336.9225649572015      1855.4838781517012      262.0777444140181
158     3080.0     336.9225649572015      1855.4838781517012      249.34873768289418
159     3090.0     336.9225649572015      1855.4838781517012      241.83514550744619
160     3100.0     336.9225649572015      1855.4838781517012      282.4623405828953
161     3110.0     336.9225649572015      1855.4838781517012      298.1076149941579
162     3120.0     336.9225649572015      1855.4838781517012      304.8427005914379
163     3130.0     336.9225649572015      1855.4838781517012      251.8928613678005
164     3140.0     336.9225649572015      1855.4838781517012      260.78055193278146
165     3150.0     336.9225649572015      1855.4838781517012      252.61759274142588
166     3160.0     336.9225649572015      1855.4838781517012      248.60827507659624
167     3170.0     336.9225649572015      1855.4838781517012      245.741848828475
168     3180.0     336.9225649572015      1855.4838781517012      274.98995998117556
169     3190.0     336.9225649572015      1855.4838781517012      217.08477534367535
170     3200.0     336.9225649572015      1855.4838781517012      267.7294330658192
171     3210.0     336.9225649572015      1855.4838781517012      301.72177229138055
172     3220.0     336.9225649572015      1855.4838781517012      268.1679211337821
173     3230.0     336.9225649572015      1855.4838781517012      250.4743861425653
174     3240.0     336.9225649572015      1855.4838781517012      238.85048802916262
175     3250.0     336.9225649572015      1855.4838781517012      266.45477595075573
176     3260.0     336.9225649572015      1855.4838781517012      283.4780359683318
177     3270.0     336.9225649572015      1855.4838781517012      260.79063228546903
178     3280.0     336.9225649572015      1855.4838781517012      232.59832829968346
179     3290.0     336.9225649572015      1855.4838781517012      256.1777818837445
180     3300.0     336.9225649572015      1855.4838781517012      275.1905198582803
181     3310.0     336.9225649572015      1855.4838781517012      268.4807071768757
182     3320.0     336.9225649572015      1855.4838781517012      275.1572404842859
183     3330.0     336.9225649572015      1855.4838781517012      267.2473915806866
184     3340.0     336.9225649572015      1855.4838781517012      292.26903900792263
185     3350.0     336.9225649572015      1855.4838781517012      260.43582005075416
186     3360.0     336.9225649572015      1855.4838781517012      302.46623964172886
187     3370.0     336.9225649572015      1855.4838781517012      247.23106173468855
188     3380.0     336.9225649572015      1855.4838781517012      241.06500858377595
189     3390.0     336.9225649572015      1855.4838781517012      256.35290892602677
190     3400.0     336.9225649572015      1855.4838781517012      269.87274918015703
191     3410.0     336.9225649572015      1855.4838781517012      303.0727197143828
192     3420.0     336.9225649572015      1855.4838781517012      293.14069528626084
193     3430.0     336.9225649572015      1855.4838781517012      291.4723591493488
194     3440.0     336.9225649572015      1855.4838781517012      258.10488116805266
195     3450.0     336.9225649572015      1855.4838781517012      267.7700017273172
196     3460.0     336.9225649572015      1855.4838781517012      290.2533910662962
197     3470.0     336.9225649572015      1855.4838781517012      267.6413503599645
198     3480.0     336.9225649572015      1855.4838781517012      293.037134780999
199     3490.0     336.9225649572015      1855.4838781517012      291.2363830958165
200     3500.0     336.9225649572015      1855.4838781517012      239.70017846358854
201     3510.0     336.9225649572015      1855.4838781517012      273.49383559600756
202     3520.0     336.9225649572015      1855.4838781517012      294.851263543246
203     3530.0     336.9225649572015      1855.4838781517012      285.135493393306
204     3540.0     336.9225649572015      1855.4838781517012      254.02020735042703
205     3550.0     336.9225649572015      1855.4838781517012      235.52651030815483
206     3560.0     336.9225649572015      1855.4838781517012      273.7581829772709
207     3570.0     336.9225649572015      1855.4838781517012      234.42570357035905
208     3580.0     336.9225649572015      1855.4838781517012      250.05716983231108
209     3590.0     336.9225649572015      1855.4838781517012      248.80494004848288
210     3600.0     336.9225649572015      1855.4838781517012      248.88408030099382
211     3610.0     336.9225649572015      1855.4838781517012      270.87933135467216
212     3620.0     336.9225649572015      1855.4838781517012      278.0055821170488
213     3630.0     336.9225649572015      1855.4838781517012      267.29868518344705
214     3640.0     336.9225649572015      1855.4838781517012      251.0352123171208
215     3650.0     336.9225649572015      1855.4838781517012      260.92523553638745
216     3660.0     336.9225649572015      1855.4838781517012      305.46686324035244
217     3670.0     336.9225649572015      1855.4838781517012      296.1458712780402
218     3680.0     336.9225649572015      1855.4838781517012      239.74712653617345
219     3690.0     336.9225649572015      1855.4838781517012      233.2132655921246
220     3700.0     336.9225649572015      1855.4838781517012      254.5324118882895
221     3710.0     336.9225649572015      1855.4838781517012      235.60487779765202
222     3720.0     336.9225649572015      1855.4838781517012      261.13709484592226
223     3730.0     336.9225649572015      1855.4838781517012      258.9100102917743
224     3740.0     336.9225649572015      1855.4838781517012      255.4593572143077
225     3750.0     336.9225649572015      1855.4838781517012      259.4491310503456
226     3760.0     336.9225649572015      1855.4838781517012      257.11122031703445
227     3770.0     336.9225649572015      1855.4838781517012      274.0551422876567
228     3780.0     336.9225649572015      1855.4838781517012      274.36245642994595
229     3790.0     336.9225649572015      1855.4838781517012      328.46556855445283
230     3800.0     336.9225649572015      1855.4838781517012      290.4608479591407
231     3810.0     336.9225649572015      1855.4838781517012      298.5174006880907
232     3820.0     336.9225649572015      1855.4838781517012      295.0141655887262
233     3830.0     336.9225649572015      1855.4838781517012      242.48602411673892
234     3840.0     336.9225649572015      1855.4838781517012      251.17570937497447
235     3850.0     336.9225649572015      1855.4838781517012      276.302844044978
236     3860.0     336.9225649572015      1855.4838781517012      244.35627592393263
237     3870.0     336.9225649572015      1855.4838781517012      237.87902980974886
238     3880.0     336.9225649572015      1855.4838781517012      289.58387086741305
239     3890.0     336.9225649572015      1855.4838781517012      256.8777437151943
240     3900.0     336.9225649572015      1855.4838781517012      258.2967375021424
241     3910.0     336.9225649572015      1855.4838781517012      317.37624344324354
242     3920.0     336.9225649572015      1855.4838781517012      233.98728877448804
243     3930.0     336.9225649572015      1855.4838781517012      251.2328415663239
244     3940.0     336.9225649572015      1855.4838781517012      198.24300608585793
245     3950.0     336.9225649572015      1855.4838781517012      281.52198126129565
246     3960.0     336.9225649572015      1855.4838781517012      257.27660867709415
247     3970.0     336.9225649572015      1855.4838781517012      210.9251844811676
248     3980.0     336.9225649572015      1855.4838781517012      251.46511417888564
249     3990.0     336.9225649572015      1855.4838781517012      255.19099544092606
250     4000.0     336.9225649572015      1855.4838781517012      234.84118144073733
251     4010.0     336.9225649572015      1855.4838781517012      255.05350724226275
252     4020.0     336.9225649572015      1855.4838781517012      282.9148850818748
253     4030.0     336.9225649572015      1855.4838781517012      270.63800837825295
254     4040.0     336.9225649572015      1855.4838781517012      295.89396665170165
255     4050.0     336.9225649572015      1855.4838781517012      287.04858408490594
256     4060.0     336.9225649572015      1855.4838781517012      273.0658851305918
257     4070.0     336.9225649572015      1855.4838781517012      310.37969916941915
258     4080.0     336.9225649572015      1855.4838781517012      261.5280825703234
259     4090.0     336.9225649572015      1855.4838781517012      270.04772042048
260     4100.0     336.9225649572015      1855.4838781517012      240.24141272426982
261     4110.0     336.9225649572015      1855.4838781517012      279.5430851860546
262     4120.0     336.9225649572015      1855.4838781517012      267.46294651783586
263     4130.0     336.9225649572015      1855.4838781517012      266.68052151519356
264     4140.0     336.9225649572015      1855.4838781517012      274.62371306541723
265     4150.0     336.9225649572015      1855.4838781517012      276.9186057017623
266     4160.0     336.9225649572015      1855.4838781517012      260.894158567974
267     4170.0     336.9225649572015      1855.4838781517012      206.88273714177149
268     4180.0     336.9225649572015      1855.4838781517012      275.9919503829442
269     4190.0     336.9225649572015      1855.4838781517012      254.69499592833102
270     4200.0     336.9225649572015      1855.4838781517012      257.18781783335135
271     4210.0     336.9225649572015      1855.4838781517012      279.9496296940445
272     4220.0     336.9225649572015      1855.4838781517012      270.28243686798714
273     4230.0     336.9225649572015      1855.4838781517012      241.14186725988932
274     4240.0     336.9225649572015      1855.4838781517012      274.7584356845576
275     4250.0     336.9225649572015      1855.4838781517012      272.73318429108184
276     4260.0     336.9225649572015      1855.4838781517012      270.1877996806637
277     4270.0     336.9225649572015      1855.4838781517012      262.60465346385274
278     4280.0     336.9225649572015      1855.4838781517012      266.14000446749714
279     4290.0     336.9225649572015      1855.4838781517012      274.3964769384018
280     4300.0     336.9225649572015      1855.4838781517012      250.26892349251227
281     4310.0     336.9225649572015      1855.4838781517012      238.17008782313144
282     4320.0     336.9225649572015      1855.4838781517012      264.1140499149089
283     4330.0     336.9225649572015      1855.4838781517012      255.91923186016072
284     4340.0     336.9225649572015      1855.4838781517012      317.6446770920262
285     4350.0     336.9225649572015      1855.4838781517012      289.3493482728741
286     4360.0     336.9225649572015      1855.4838781517012      265.60955434000516
287     4370.0     336.9225649572015      1855.4838781517012      301.3052694309642
288     4380.0     336.9225649572015      1855.4838781517012      261.9359110893024
289     4390.0     336.9225649572015      1855.4838781517012      250.9385223680301
290     4400.0     336.9225649572015      1855.4838781517012      209.12991288456135
291     4410.0     336.9225649572015      1855.4838781517012      190.25059154392758
292     4420.0     336.9225649572015      1855.4838781517012      272.03080105199524
293     4430.0     336.9225649572015      1855.4838781517012      274.0118254683526
294     4440.0     336.9225649572015      1855.4838781517012      256.42155775143846
295     4450.0     336.9225649572015      1855.4838781517012      263.896761878419
296     4460.0     336.9225649572015      1855.4838781517012      244.87676980422629
297     4470.0     336.9225649572015      1855.4838781517012      242.555869892593
298     4480.0     336.9225649572015      1855.4838781517012      265.64399716641515
299     4490.0     336.9225649572015      1855.4838781517012      245.9444228473331
300     4500.0     336.9225649572015      1855.4838781517012      272.2810979875198
301     4510.0     336.9225649572015      1855.4838781517012      220.94004864757486
302     4520.0     336.9225649572015      1855.4838781517012      285.40781759063344
303     4530.0     336.9225649572015      1855.4838781517012      246.73751781071087
304     4540.0     336.9225649572015      1855.4838781517012      276.75355216347816
305     4550.0     336.9225649572015      1855.4838781517012      296.4413301475558
306     4560.0     336.9225649572015      1855.4838781517012      303.62663126348275
307     4570.0     336.9225649572015      1855.4838781517012      248.64475949914325
308     4580.0     336.9225649572015      1855.4838781517012      241.75800199124544
309     4590.0     336.9225649572015      1855.4838781517012      283.3255996340989
310     4600.0     336.9225649572015      1855.4838781517012      250.9542985951259
311     4610.0     336.9225649572015      1855.4838781517012      265.86067823410457
312     4620.0     336.9225649572015      1855.4838781517012      270.94113711942794
313     4630.0     336.9225649572015      1855.4838781517012      307.0655492968946
314     4640.0     336.9225649572015      1855.4838781517012      273.26368644472865
315     4650.0     336.9225649572015      1855.4838781517012      284.0357016736995
316     4660.0     336.9225649572015      1855.4838781517012      281.69977809103364
317     4670.0     336.9225649572015      1855.4838781517012      229.94286502459855
318     4680.0     336.9225649572015      1855.4838781517012      268.05742512691035
319     4690.0     336.9225649572015      1855.4838781517012      263.02839661341545
320     4700.0     336.9225649572015      1855.4838781517012      249.59536698050985
321     4710.0     336.9225649572015      1855.4838781517012      230.9325698382655
322     4720.0     336.9225649572015      1855.4838781517012      242.00413348252312
323     4730.0     336.9225649572015      1855.4838781517012      250.15358609400096
324     4740.0     336.9225649572015      1855.4838781517012      265.99138304858377
325     4750.0     336.9225649572015      1855.4838781517012      251.4744063960021
326     4760.0     336.9225649572015      1855.4838781517012      276.50308818858457
327     4770.0     336.9225649572015      1855.4838781517012      235.69054473258305
328     4780.0     336.9225649572015      1855.4838781517012      272.5371425308488
329     4790.0     336.9225649572015      1855.4838781517012      215.0916661360327
330     4800.0     336.9225649572015      1855.4838781517012      288.27132307452126
331     4810.0     336.9225649572015      1855.4838781517012      284.595465731166
332     4820.0     336.9225649572015      1855.4838781517012      262.8722105628239
333     4830.0     336.9225649572015      1855.4838781517012      253.2526372254272
334     4840.0     336.9225649572015      1855.4838781517012      262.3654615110219
335     4850.0     336.9225649572015      1855.4838781517012      234.8659306503968
336     4860.0     336.9225649572015      1855.4838781517012      200.69017112550404
337     4870.0     336.9225649572015      1855.4838781517012      248.233616992688
338     4880.0     336.9225649572015      1855.4838781517012      244.91748197882018
339     4890.0     336.9225649572015      1855.4838781517012      283.06382356775646
340     4900.0     336.9225649572015      1855.4838781517012      295.95187683949234
341     4910.0     336.9225649572015      1855.4838781517012      233.36778198218857
342     4920.0     336.9225649572015      1855.4838781517012      248.06664033773893
343     4930.0     336.9225649572015      1855.4838781517012      250.88979853984634
344     4940.0     336.9225649572015      1855.4838781517012      247.81980057144074
345     4950.0     336.9225649572015      1855.4838781517012      247.46803916102965
346     4960.0     336.9225649572015      1855.4838781517012      285.02946756417083
347     4970.0     336.9225649572015      1855.4838781517012      246.34128401765915
348     4980.0     336.9225649572015      1855.4838781517012      271.4446950250283
349     4990.0     336.9225649572015      1855.4838781517012      246.53719945266613
350     5000.0     336.9225649572015      1855.4838781517012      286.43181190579065
351     5010.0     336.9225649572015      1855.4838781517012      253.98956509791026
352     5020.0     336.9225649572015      1855.4838781517012      265.98707253381843
353     5030.0     336.9225649572015      1855.4838781517012      268.3984304436742
354     5040.0     336.9225649572015      1855.4838781517012      268.8738619990131
355     5050.0     336.9225649572015      1855.4838781517012      272.6164449766664
356     5060.0     336.9225649572015      1855.4838781517012      264.37886297464394
357     5070.0     336.9225649572015      1855.4838781517012      231.3868014991245
358     5080.0     336.9225649572015      1855.4838781517012      250.15984682437912
359     5090.0     336.9225649572015      1855.4838781517012      241.7245250023189
360     5100.0     336.9225649572015      1855.4838781517012      233.62618537935268
361     5110.0     336.9225649572015      1855.4838781517012      297.9909231125675
362     5120.0     336.9225649572015      1855.4838781517012      280.37608225910805
363     5130.0     336.9225649572015      1855.4838781517012      259.6086758448996
364     5140.0     336.9225649572015      1855.4838781517012      253.43565486375547
365     5150.0     336.9225649572015      1855.4838781517012      271.3592029059248
366     5160.0     336.9225649572015      1855.4838781517012      225.20699014508006
367     5170.0     336.9225649572015      1855.4838781517012      258.08401403221325
368     5180.0     336.9225649572015      1855.4838781517012      308.55232866286224
369     5190.0     336.9225649572015      1855.4838781517012      259.2648276652435
370     5200.0     336.9225649572015      1855.4838781517012      244.90478641723539
371     5210.0     336.9225649572015      1855.4838781517012      227.5664103180576
372     5220.0     336.9225649572015      1855.4838781517012      298.62915534072937
373     5230.0     336.9225649572015      1855.4838781517012      297.78665833315586
374     5240.0     336.9225649572015      1855.4838781517012      239.88353750705213
375     5250.0     336.9225649572015      1855.4838781517012      239.0480594500771
376     5260.0     336.9225649572015      1855.4838781517012      264.59981433194633
377     5270.0     336.9225649572015      1855.4838781517012      267.90747511430726
378     5280.0     336.9225649572015      1855.4838781517012      279.9722936302101
379     5290.0     336.9225649572015      1855.4838781517012      210.12588712531354
380     5300.0     336.9225649572015      1855.4838781517012      268.3026528495606
381     5310.0     336.9225649572015      1855.4838781517012      267.65363423528646
382     5320.0     336.9225649572015      1855.4838781517012      256.472740449731
383     5330.0     336.9225649572015      1855.4838781517012      279.24549719818714
384     5340.0     336.9225649572015      1855.4838781517012      267.0544136358183
385     5350.0     336.9225649572015      1855.4838781517012      293.6283405660762
386     5360.0     336.9225649572015      1855.4838781517012      244.10432777513222
387     5370.0     336.9225649572015      1855.4838781517012      290.7207154757159
388     5380.0     336.9225649572015      1855.4838781517012      223.0963625128683
389     5390.0     336.9225649572015      1855.4838781517012      233.48859894031082
390     5400.0     336.9225649572015      1855.4838781517012      254.12494397150073
391     5410.0     336.9225649572015      1855.4838781517012      231.01068716689832
392     5420.0     336.9225649572015      1855.4838781517012      244.4977724232634
393     5430.0     336.9225649572015      1855.4838781517012      295.2313856901194
394     5440.0     336.9225649572015      1855.4838781517012      279.2907422469714
395     5450.0     336.9225649572015      1855.4838781517012      277.9337101402384
396     5460.0     336.9225649572015      1855.4838781517012      258.9645396068033
397     5470.0     336.9225649572015      1855.4838781517012      265.4059828749123
398     5480.0     336.9225649572015      1855.4838781517012      242.4551872337305
399     5490.0     336.9225649572015      1855.4838781517012      292.4458386079562
400     5500.0     336.9225649572015      1855.4838781517012      247.9092126462075
401     5510.0     336.9225649572015      1855.4838781517012      309.66847088409673
402     5520.0     336.9225649572015      1855.4838781517012      251.96169945763052
403     5530.0     336.9225649572015      1855.4838781517012      247.28931555178093
404     5540.0     336.9225649572015      1855.4838781517012      276.496041320036
405     5550.0     336.9225649572015      1855.4838781517012      271.65779807465367
406     5560.0     336.9225649572015      1855.4838781517012      251.97651238443697
407     5570.0     336.9225649572015      1855.4838781517012      284.7296541627059
408     5580.0     336.9225649572015      1855.4838781517012      241.8656189743185
409     5590.0     336.9225649572015      1855.4838781517012      251.79460242498024
410     5600.0     336.9225649572015      1855.4838781517012      270.61989350473
411     5610.0     336.9225649572015      1855.4838781517012      279.39027867336296
412     5620.0     336.9225649572015      1855.4838781517012      279.7349469122285
413     5630.0     336.9225649572015      1855.4838781517012      295.2276251317779
414     5640.0     336.9225649572015      1855.4838781517012      263.5443127294169
415     5650.0     336.9225649572015      1855.4838781517012      253.75166092574995
416     5660.0     336.9225649572015      1855.4838781517012      265.2842812230161
417     5670.0     336.9225649572015      1855.4838781517012      286.0681683594022
418     5680.0     336.9225649572015      1855.4838781517012      261.9883229575353
419     5690.0     336.9225649572015      1855.4838781517012      265.08007844421445
420     5700.0     336.9225649572015      1855.4838781517012      260.22916004257706
421     5710.0     336.9225649572015      1855.4838781517012      258.096833327547
422     5720.0     336.9225649572015      1855.4838781517012      292.56995263920106
423     5730.0     336.9225649572015      1855.4838781517012      256.72076134316734
424     5740.0     336.9225649572015      1855.4838781517012      296.34107381812134
425     5750.0     336.9225649572015      1855.4838781517012      257.69923215005616
426     5760.0     336.9225649572015      1855.4838781517012      284.2557328395117
427     5770.0     336.9225649572015      1855.4838781517012      284.6351717355328
428     5780.0     336.9225649572015      1855.4838781517012      266.75580848018797
429     5790.0     336.9225649572015      1855.4838781517012      248.40821330240576
430     5800.0     336.9225649572015      1855.4838781517012      273.18887431898435
431     5810.0     336.9225649572015      1855.4838781517012      239.58443001328914
432     5820.0     336.9225649572015      1855.4838781517012      205.33727772962155
433     5830.0     336.9225649572015      1855.4838781517012      264.4924340958322
434     5840.0     336.9225649572015      1855.4838781517012      252.4767027435183
435     5850.0     336.9225649572015      1855.4838781517012      260.57873491748893
436     5860.0     336.9225649572015      1855.4838781517012      301.0301617256616
437     5870.0     336.9225649572015      1855.4838781517012      270.2960786689358
438     5880.0     336.9225649572015      1855.4838781517012      283.2303224602862
439     5890.0     336.9225649572015      1855.4838781517012      249.48662936569585
440     5900.0     336.9225649572015      1855.4838781517012      279.38263524766194
441     5910.0     336.9225649572015      1855.4838781517012      276.4462463877669
442     5920.0     336.9225649572015      1855.4838781517012      280.2256648505913
443     5930.0     336.9225649572015      1855.4838781517012      247.05030387019167
444     5940.0     336.9225649572015      1855.4838781517012      260.65093756169784
445     5950.0     336.9225649572015      1855.4838781517012      206.87509765565932
446     5960.0     336.9225649572015      1855.4838781517012      255.76481042430146
447     5970.0     336.9225649572015      1855.4838781517012      235.40670743870888
448     5980.0     336.9225649572015      1855.4838781517012      274.73846679846525
449     5990.0     336.9225649572015      1855.4838781517012      271.1904905468962
450     6000.0     336.9225649572015      1855.4838781517012      241.0299963782826
451     6010.0     336.9225649572015      1855.4838781517012      297.5649265319115
452     6020.0     336.9225649572015      1855.4838781517012      310.318597095904
453     6030.0     336.9225649572015      1855.4838781517012      243.18045183880858
454     6040.0     336.9225649572015      1855.4838781517012      309.5978660773939
455     6050.0     336.9225649572015      1855.4838781517012      268.9436153267941
456     6060.0     336.9225649572015      1855.4838781517012      306.5744656773312
457     6070.0     336.9225649572015      1855.4838781517012      257.27365266932435
458     6080.0     336.9225649572015      1855.4838781517012      288.19415711998033
459     6090.0     336.9225649572015      1855.4838781517012      261.6555237220052
460     6100.0     336.9225649572015      1855.4838781517012      297.90162930123813
461     6110.0     336.9225649572015      1855.4838781517012      259.00071577140335
462     6120.0     336.9225649572015      1855.4838781517012      267.98720390508055
463     6130.0     336.9225649572015      1855.4838781517012      279.6908986121321
464     6140.0     336.9225649572015      1855.4838781517012      289.2775083896379
465     6150.0     336.9225649572015      1855.4838781517012      271.33970105687354
466     6160.0     336.9225649572015      1855.4838781517012      263.17235253179916
467     6170.0     336.9225649572015      1855.4838781517012      295.9030942175725
468     6180.0     336.9225649572015      1855.4838781517012      255.2371141997259
469     6190.0     336.9225649572015      1855.4838781517012      251.73062837117803
470     6200.0     336.9225649572015      1855.4838781517012      260.5685798459627
471     6210.0     336.9225649572015      1855.4838781517012      276.35410782099814
472     6220.0     336.9225649572015      1855.4838781517012      277.6239150309901
473     6230.0     336.9225649572015      1855.4838781517012      239.10651251177964
474     6240.0     336.9225649572015      1855.4838781517012      240.66159797694715
475     6250.0     336.9225649572015      1855.4838781517012      277.51992236214306
476     6260.0     336.9225649572015      1855.4838781517012      246.45754215362658
477     6270.0     336.9225649572015      1855.4838781517012      241.5070861637931
478     6280.0     336.9225649572015      1855.4838781517012      245.78193993932197
479     6290.0     336.9225649572015      1855.4838781517012      281.975631512086
480     6300.0     336.9225649572015      1855.4838781517012      274.1316621702558
481     6310.0     336.9225649572015      1855.4838781517012      247.73831715725262
482     6320.0     336.9225649572015      1855.4838781517012      271.9825995674712
483     6330.0     336.9225649572015      1855.4838781517012      263.3454597321731
484     6340.0     336.9225649572015      1855.4838781517012      230.3218073497843
485     6350.0     336.9225649572015      1855.4838781517012      230.89609137418043
486     6360.0     336.9225649572015      1855.4838781517012      250.61220267921627
487     6370.0     336.9225649572015      1855.4838781517012      291.462206203658
488     6380.0     336.9225649572015      1855.4838781517012      287.1244012085577
489     6390.0     336.9225649572015      1855.4838781517012      261.58862421196017
490     6400.0     336.9225649572015      1855.4838781517012      255.84416453193796
491     6410.0     336.9225649572015      1855.4838781517012      277.12075275020567
492     6420.0     336.9225649572015      1855.4838781517012      239.15566222136803
493     6430.0     336.9225649572015      1855.4838781517012      270.86977762243544
494     6440.0     336.9225649572015      1855.4838781517012      265.9551479843134
495     6450.0     336.9225649572015      1855.4838781517012      261.27058469348503
496     6460.0     336.9225649572015      1855.4838781517012      273.41798782085334
497     6470.0     336.9225649572015      1855.4838781517012      248.80949453487156
498     6480.0     336.9225649572015      1855.4838781517012      305.3971713945913
499     6490.0     336.9225649572015      1855.4838781517012      267.06274013505737
