1     221.6665347883591
2     169.34346077573667
3     134.8521386272603
4     111.33311977608399
5     96.64696630687223
6     87.13195072408752
7     79.98632067768378
8     74.69741295755423
9     70.620770576137
10     67.30376733330857
11     64.54379376825828
12     62.396639946698826
13     60.4799765160278
14     58.871101747924165
15     57.37316238297031
16     56.02500654038938
17     55.118662611046986
18     54.00550281952655
19     53.20386649069426
20     52.446204435365715
21     51.70469617433531
22     50.97987900806903
23     50.43227060070662
24     49.85271542469348
25     49.36758437095919
26     48.89193143489186
27     48.40970390877595
28     48.04426720248804
29     47.66131787813191
30     47.31691891735237
31     47.02107420902034
32     46.665953299419634
33     46.41787120977707
34     46.10780265493158
35     45.833482709898206
36     45.63999059879179
37     45.3538400578792
38     45.145460804902704
39     44.97642854555929
40     44.822574938654455
41     44.626538632698605
42     44.429435373540656
43     44.29319746160477
44     44.11080885856992
45     43.90541220837502
46     43.76771651980361
47     43.57922564394201
48     43.48453087608114
49     43.40360468251529
50     43.21991042000017
51     43.12570343787164
52     43.030464159347375
53     42.91101990160487
54     42.78437728529483
55     42.7049853030349
56     42.64359630416273
57     42.5321155422037
58     42.41540573032774
59     42.316952953296386
60     42.215400509938206
61     42.10818320635761
62     42.087297372021474
63     41.962334964363045
64     41.967567104377956
65     41.7965550849244
66     41.78400198731363
67     41.708686516486566
68     41.68237831991401
69     41.54666359522074
70     41.50600168664371
71     41.40366519831602
72     41.36006303847631
73     41.34397796932256
74     41.29389200429928
75     41.201415351729835
76     41.221521185741175
77     41.121019281417574
78     41.0708650585704
79     41.02752640777975
80     40.955940727583844
81     40.89716520590678
82     40.868201952200025
83     40.834447147232645
84     40.75463169916452
85     40.7427781939321
86     40.65537650063452
87     40.664722522272704
88     40.6197983632587
89     40.55432915951345
90     40.51692988999675
91     40.50595844305721
92     40.43103829890777
93     40.41795661031647
94     40.39731361344279
95     40.3511593210662
96     40.3339574962179
97     40.30867888398524
98     40.28419261353834
99     40.24387228763775
