1     273.06566194835153
2     201.67237704250263
3     175.85833194136646
4     148.50741160301286
5     128.79736868477082
6     115.84692673119406
7     106.70510961363016
8     99.79377939524055
9     94.42231219510636
10     89.88394510917935
11     86.36067801475397
12     83.19966847654091
13     80.76609179282676
14     78.50584454216907
15     76.68712474077611
16     75.01139802044293
17     73.518468403433
18     72.19057008502041
19     71.02003059336094
20     69.97160412097175
21     69.07428358605748
22     68.14807680058613
23     67.40365468110234
24     66.67564925528991
25     65.8988981403216
26     65.26155927281329
27     64.7601387052316
28     64.15967084877488
29     63.73074129087104
30     63.175579478682096
31     62.84011068443219
32     62.31512906841457
33     62.04673314963205
34     61.64127556318999
35     61.35605579295958
36     60.977555267748556
37     60.63982833175256
38     60.33608625023209
39     60.05092672121506
40     59.83144444316794
41     59.59354709485495
42     59.35844221625108
43     59.168093100725464
44     58.89922436771859
45     58.720249498262355
46     58.506192895734586
47     58.32593342834638
48     58.192642410993955
49     57.978129684254554
50     57.81942720515088
51     57.696671952642156
52     57.53086003176234
53     57.33477989677883
54     57.22481873375971
55     57.086231962575745
56     56.94723129798497
57     56.77407507661886
58     56.68443774660288
59     56.6166904011782
60     56.451516598099
61     56.30093976571669
62     56.1792820080332
63     56.111427566507835
64     56.04185769100582
65     55.96352405841857
66     55.84339232198572
67     55.68009937252181
68     55.628963391053375
69     55.56850962241453
70     55.46759361852004
71     55.41678181974643
72     55.3206449732648
73     55.22247531704077
74     55.17522236537719
75     55.1033335915103
76     54.98869814124964
77     54.92836992149456
78     54.87724244108383
79     54.799163248238855
80     54.71961473706719
81     54.66290732791776
82     54.62568521903444
83     54.53626498122111
84     54.51016274128014
85     54.46470021811982
86     54.37841958483744
87     54.33644660671346
88     54.31673726165771
89     54.21397019949938
90     54.22507544173781
91     54.13820169295871
92     54.047560843007716
93     54.039273246871744
94     53.970295857713964
95     53.96530728887618
96     53.901857955415906
97     53.82187754144048
98     53.85022309504756
99     53.78201440048683
