1     327.8323142560306
2     234.32573902631717
3     202.94329365010742
4     184.52967378139735
5     161.18678385037103
6     144.98591521815746
7     133.7229634415146
8     124.88925886620035
9     117.94058186572042
10     112.55504142952206
11     108.18404051781121
12     104.27149726603551
13     101.16776970347091
14     98.28075842048209
15     95.93821473193128
16     93.78825586693523
17     92.06415839564987
18     90.41583150540554
19     88.91600127882988
20     87.53518646883917
21     86.45530747814296
22     85.32423544299077
23     84.27789342094337
24     83.33382370429246
25     82.38571642971037
26     81.65990941520026
27     81.02639678531263
28     80.39538682213221
29     79.79303844916679
30     79.21295675496684
31     78.61690915025575
32     78.12676009359214
33     77.61301848814834
34     77.24774557507034
35     76.70147346577299
36     76.35234495107429
37     75.96383351376241
38     75.6616898876772
39     75.29787979674501
40     74.9862341695828
41     74.61443182901012
42     74.2902193895889
43     74.02626787897893
44     73.80376437231811
45     73.45841300740982
46     73.2280519292564
47     73.05408099775265
48     72.82431306720083
49     72.62392337254843
50     72.41151244872309
51     72.13411066705325
52     71.93096407732037
53     71.79517184961188
54     71.54005733783946
55     71.41824168054514
56     71.23367893661815
57     71.08236546344423
58     70.93821983995593
59     70.7950175308223
60     70.6449148238616
61     70.57596479956342
62     70.37129406372293
63     70.25510622633617
64     70.11337294571254
65     69.98510212199807
66     69.92527428457436
67     69.8108683654778
68     69.66173975654665
69     69.50729929458669
70     69.45778507636179
71     69.37410996274832
72     69.20955010042175
73     69.17576449389244
74     69.06576999838857
75     68.91032598173338
76     68.84765192650708
77     68.75822823553999
78     68.61355585054633
79     68.59513478467922
80     68.53596580008826
81     68.39036626455211
82     68.4423901075962
83     68.3142853418095
84     68.18333606065437
85     68.12713515772168
86     68.07187655079386
87     68.01372297729282
88     67.94237763342885
89     67.8855659313011
90     67.77598569762885
91     67.71232476332926
92     67.67081824173898
93     67.68043953903206
94     67.59522347838478
95     67.49826386670821
96     67.45648277042474
97     67.37440781705777
98     67.36991472945905
99     67.27089677561001
