1     443.1963168838257
2     315.27034090640103
3     267.0292047000057
4     242.55244691350254
5     228.17105495315832
6     216.0266344119622
7     200.29168848170607
8     187.05495156827337
9     176.90597036284728
10     168.7100437684186
11     161.86441438990644
12     156.26539213847929
13     151.47551415783585
14     147.38762183374075
15     143.82217642351668
16     140.95494972983207
17     138.19429752457066
18     135.44803473844576
19     133.37103669655227
20     131.47659088356872
21     129.67315024695756
22     127.87512591935682
23     126.62902346546895
24     125.16720216279553
25     123.90767967765652
26     122.68580542847667
27     121.76549805161217
28     120.62621776583481
29     119.57927434932827
30     118.72930510049089
31     117.8267756683481
32     117.26844621032667
33     116.45666699405773
34     115.82233497089626
35     115.22696297504595
36     114.55794587532186
37     114.03017536824174
38     113.53954002463932
39     113.02206854046379
40     112.39590031616919
41     112.00897657088028
42     111.63879430913586
43     111.16668527077918
44     110.75810201143011
45     110.36309467253041
46     110.0003681608368
47     109.63088046710585
48     109.20283243990764
49     108.96808761404036
50     108.62273568791161
51     108.25799272765988
52     108.07152068124125
53     107.85686153745739
54     107.48034495482838
55     107.28526975205693
56     106.95411633043862
57     106.83662791859987
58     106.57188025629975
59     106.31949359165111
60     106.15508828262891
61     105.8623975808562
62     105.66262184142126
63     105.48171828199591
64     105.20352370063074
65     105.06121054875075
66     104.95791126660802
67     104.68934027546214
68     104.58454670908536
69     104.44310749387387
70     104.27057647632935
71     104.1354900641114
72     104.03002698022212
73     103.82565883414676
74     103.65998949431791
75     103.61491241378764
76     103.35289799737042
77     103.29860595620181
78     103.03432674857861
79     103.01182273991144
80     102.80785813362401
81     102.70553528501004
82     102.64615074075773
83     102.53095519645005
84     102.39631527456295
85     102.37708934461709
86     102.19095135201484
87     102.1132954981169
88     102.01668771311972
89     101.88206594351298
90     101.86536660669486
91     101.74409923106174
92     101.52167649682355
93     101.52583990446777
94     101.41029164275955
95     101.29231106022546
96     101.29106606932626
97     101.20154464259981
98     101.06471236032063
99     101.08684590059431
