200     0.845
210     0.8428571428571429
220     0.8454545454545455
230     0.8391304347826087
240     0.8375
250     0.84
260     0.8384615384615385
270     0.837037037037037
280     0.8357142857142857
290     0.8310344827586207
300     0.8333333333333334
310     0.8290322580645161
320     0.821875
330     0.8151515151515152
340     0.8088235294117647
350     0.8028571428571428
360     0.7972222222222223
370     0.7918918918918919
380     0.7842105263157895
390     0.782051282051282
400     0.7775
410     0.7682926829268293
420     0.7666666666666667
430     0.7651162790697674
440     0.759090909090909
450     0.7577777777777778
460     0.7565217391304347
470     0.7531914893617021
480     0.7520833333333333
490     0.746938775510204
500     0.744
