200     0.79
210     0.780952380952381
220     0.7727272727272727
230     0.7652173913043478
240     0.7583333333333333
250     0.752
260     0.75
270     0.7444444444444445
280     0.7428571428571429
290     0.7379310344827587
300     0.7333333333333333
310     0.7322580645161291
320     0.728125
330     0.7242424242424242
340     0.7205882352941176
350     0.72
360     0.7166666666666667
370     0.7162162162162162
380     0.7105263157894737
390     0.7128205128205128
400     0.71
410     0.7073170731707317
420     0.7023809523809523
430     0.7023255813953488
440     0.7
450     0.6977777777777778
460     0.6956521739130435
470     0.6936170212765957
480     0.6958333333333333
490     0.6918367346938775
500     0.69
