200     0.83
210     0.819047619047619
220     0.8136363636363636
230     0.808695652173913
240     0.8
250     0.788
260     0.7807692307692308
270     0.774074074074074
280     0.7642857142857142
290     0.7620689655172413
300     0.76
310     0.7548387096774194
320     0.75
330     0.7484848484848485
340     0.7411764705882353
350     0.7428571428571429
360     0.7416666666666667
370     0.7351351351351352
380     0.7315789473684211
390     0.7307692307692307
400     0.73
410     0.7268292682926829
420     0.7238095238095238
430     0.7209302325581395
440     0.7204545454545455
450     0.7177777777777777
460     0.7152173913043478
470     0.7127659574468085
480     0.7125
490     0.710204081632653
500     0.708
