200     0.745
210     0.7428571428571429
220     0.7363636363636363
230     0.7304347826086957
240     0.7291666666666666
250     0.724
260     0.7153846153846154
270     0.7185185185185186
280     0.7178571428571429
290     0.7103448275862069
300     0.71
310     0.7064516129032258
320     0.70625
330     0.703030303030303
340     0.7
350     0.6971428571428572
360     0.6916666666666667
370     0.6918918918918919
380     0.6921052631578948
390     0.6897435897435897
400     0.685
410     0.6853658536585366
420     0.6833333333333333
430     0.6813953488372093
440     0.6818181818181818
450     0.68
460     0.6804347826086956
470     0.676595744680851
480     0.675
490     0.6755102040816326
500     0.674
