0     0.0      0.0      0.0
1900     45.56287314423747      375.9300349982488      89.53156893885546
3900     91.81567067754922      379.8138431264348      90.86142169065528
5900     139.60358397412963      376.9363422184779      89.51218622325808
7900     189.79281217262383      376.85725748833255      88.427326657606
9900     241.97005607035405      377.52700788353076      89.513415989635
11900     267.61301603825143      378.306267013057      88.84562816933776
13900     283.2744236308459      376.4471372862907      88.53544745238025
15900     299.0216607613759      378.12202235008857      89.3635691779114
17900     313.149316702704      376.107391734009      88.71711103829409
19900     325.4604436244247      377.26968462474264      88.62986451048874
