0     93.14030282185927
1     383.708522304998
2     486.6539088767511
3     504.40862676251004
4     512.7764524268356
5     510.04654553670787
6     492.93841709452914
7     479.2441284284482
8     466.3024672906824
9     454.53386256275996
10     443.49658109035
11     430.4475106177754
12     412.99374086106525
13     394.4510867738796
14     379.4778783601659
15     363.854695913129
16     352.14300426577523
17     342.01129133753085
18     332.2505746290573
19     322.7205592117439
20     315.2966410509035
21     309.1507066329466
22     302.0332332427763
23     296.29404770607033
24     291.9741542769833
25     286.4733522530589
26     281.42145031081486
27     277.4884683972595
28     273.5394940319895
29     269.72101441091615
30     265.758114514925
31     263.20323831481915
32     260.6341078779657
33     257.10323448741303
34     254.89154953652215
35     252.62309287533407
36     250.09864242135467
37     248.08309572590198
38     246.11180473788482
39     244.4102663654147
40     241.78301269405256
41     240.461650239932
42     238.6872878173959
43     236.67075331016386
44     235.83836736237652
45     234.09937612325317
46     233.29265546972314
47     231.09245191206548
48     229.95130094911391
49     229.1769633410373
50     227.2189458650616
51     226.83036839834824
52     224.93228393404067
53     223.89989862589312
54     222.99629338303984
55     222.21853909882782
56     220.61043391682352
57     219.7176271269193
58     218.39846669391483
59     217.27495028739057
60     215.74575747095838
61     214.68214104067349
62     212.64384545338493
63     211.4402769337526
64     210.01018246135433
65     207.8852744957068
66     206.6809005546563
67     205.07400719872635
68     203.21383380768555
69     201.89132441548725
70     200.2383696597447
71     198.62199970035965
72     197.17958967431474
73     196.0934288582008
74     194.75309373086318
75     193.0008703462303
76     191.9684595446033
77     190.33984484514315
78     189.38341237668953
79     188.17560496560526
80     187.1969058205893
81     185.68339467617452
82     185.07461831581674
83     184.11112780082468
84     182.45657901416473
85     181.64710144692074
86     180.65549108166695
87     179.4444969434052
88     178.87709653846653
89     177.95995489383733
90     176.8961163980423
91     175.84315467504229
92     175.15553748036822
93     174.21369652854833
94     173.22458892675607
95     172.54953474695728
96     171.86537689072458
97     170.71464340895653
98     170.14721227636292
99     169.58489066049842
100     168.7924420171917
101     167.73834209657522
102     167.2564433569682
103     166.62298156191576
104     165.70214449961335
105     165.04261632256114
106     164.47605864155577
107     163.66879543946266
108     163.05158766400922
109     162.64341255846526
110     161.81502895443066
111     161.30787455945637
112     160.69681766994745
113     160.27380335568432
114     159.43123727144723
115     159.21252863702242
116     158.27542067444858
117     157.97942537230318
118     157.34705024649386
119     156.85183642875555
120     156.49968609474084
121     155.617045746973
122     155.41985395493768
123     154.85147915931125
124     154.25483412864665
125     153.7902003339402
126     153.25341356538783
127     152.75275871711068
128     152.57738398650318
129     151.98717223966796
130     151.5115621629067
131     150.998110059
132     150.76524484101137
133     150.02690021007533
134     149.83439492971357
135     149.45679485573618
136     149.07842687214665
137     148.75898160397418
138     148.29784005609747
139     147.99860360644306
140     147.4079229738677
141     147.23543219389012
142     146.67425892896688
143     146.2622657398914
144     146.05697561590543
145     145.50841315122406
146     145.37470745439583
147     145.12576830013782
148     144.49850332307503
149     144.50535694740995
150     143.96582222586952
151     143.50376971043087
152     143.300407728029
153     143.03304473864154
154     142.55794452222736
155     142.31653468455232
156     141.91751561093838
157     141.65687983213382
158     141.59706171215055
159     141.09833546551496
160     140.90988272643045
161     140.51818464091897
162     140.30466182049872
163     139.93090857755695
164     139.53112283169122
165     139.42908989965207
166     139.1061486774974
167     138.97295126048695
168     138.56319048896515
169     138.40277134971464
170     138.22344741502684
171     137.99838329442423
172     137.6854721076419
173     137.3130107864231
174     137.04403285767208
175     136.79226942860777
176     136.7096378076193
177     136.33987199191589
178     136.20915199053167
179     135.88842813863596
180     135.75249627806875
181     135.30129074834474
182     135.14585896941833
183     134.98595459715543
184     134.8211593710618
185     134.4362661185284
186     134.26809549372786
187     134.16333707995477
188     133.96956296227054
189     133.73583100279188
190     133.3848664040899
191     133.1774149508011
192     133.08683181907855
193     132.81201145758496
194     132.45664165828785
195     132.2986760595807
196     132.11788785757352
197     131.98825469252753
198     131.70686644015652
199     131.73009141909367
200     131.52177818378703
201     131.07453018164531
202     131.03348159651006
203     130.85172483841305
204     130.7719333775842
205     130.50850595026967
206     130.41518088391274
207     130.20322139944884
208     130.10576115697353
209     129.82441941451572
210     129.47136232657058
211     129.37455299405363
212     129.27779329068287
213     129.19888445904306
214     128.90749844662474
215     128.92389139954486
216     128.71709161886182
217     128.39546913251078
218     128.33363748157174
219     128.16260325897557
220     127.93655811329258
221     127.9126931513168
222     127.80165611824862
223     127.4039807342113
224     127.43861272668957
225     127.2254533366811
226     127.12786230391629
227     127.11036879432207
228     126.749812130056
229     126.61630871034089
230     126.52549297551495
231     126.34186637267834
232     126.0835841787893
233     125.95771883612957
234     125.80591635358229
235     125.75908135360771
236     125.74016729261692
237     125.54908562650105
238     125.4718995427966
239     125.2336192880345
240     125.19630120825346
241     124.96361587489623
242     124.68051177247058
243     124.70857674934808
244     124.68782098248158
245     124.44208951023548
246     124.5101312259326
247     124.37258758633043
248     124.06722354577259
249     123.96604279192192
250     123.87585556627451
251     123.63095783840403
252     123.71824310282811
253     123.43204951594512
254     123.37442483535357
255     123.29099126731089
256     123.19506024662647
257     123.00083698997402
258     122.96080578558647
259     122.76700899706132
260     122.73613793689312
261     122.57800517470938
262     122.44702884895332
263     122.44060473881393
264     122.24526451411566
265     122.19464783273068
266     122.03580181064693
267     122.04254548988372
268     121.81648846364197
269     121.83224266179981
270     121.64200268729635
271     121.53725466773292
272     121.4860511662073
273     121.41311542010466
274     121.14670648355353
275     121.10674536627212
276     121.04578931029071
277     121.0080022508673
278     120.85752359178947
279     120.85305640037627
280     120.60455668558437
281     120.61556164633554
282     120.42197441866611
283     120.36983758725727
284     120.18802133852404
285     120.27762792287608
286     120.07110426396461
287     120.01521173557082
288     120.04413439802951
289     119.90953787284771
290     119.64380000708071
291     119.60216454417116
292     119.5778379934295
293     119.49452445875346
294     119.36258209610334
295     119.22872974586141
296     119.12049572515603
297     119.15328931182107
298     118.99312724024759
299     118.96405235357327
300     118.89768505838352
301     118.70984601664479
302     118.69428779700975
303     118.62792972617484
304     118.48219673181282
305     118.39363482065231
306     118.33374295980994
307     118.32428971491453
308     118.24483311186063
309     118.12761705078198
310     118.11556614498176
311     117.93730041285666
312     118.00693917121842
313     117.88715874356551
314     117.67456317146441
315     117.63324623978728
316     117.46842794667069
317     117.55030581190145
318     117.37883260411178
319     117.38933356329231
320     117.18470354547225
321     117.27964082155867
322     117.12595751489827
323     116.99967539122581
324     116.92135593393043
325     116.936574868253
326     116.80594647732052
327     116.69506744623686
328     116.6287921539892
329     116.5771426995947
330     116.5202244813702
331     116.39767125325963
332     116.4272999407541
333     116.21571720181902
334     116.27531409395966
335     116.19406746513579
336     116.15890943587434
337     116.09183443637626
338     116.00034815979622
339     115.88144200621583
340     115.86839594327328
341     115.87397636318674
342     115.78565618130824
343     115.6772515221342
344     115.60400204241346
345     115.54099824790539
346     115.53919970451803
347     115.40824935524026
348     115.40557916290015
349     115.17099046227531
350     115.17490994585279
351     115.15014176015835
352     115.10546254992224
353     114.96461748008636
354     115.00915630418098
355     114.78148636224006
356     114.81081433772586
357     114.67664691422736
358     114.66718918581391
359     114.65192577556802
360     114.61429252039144
361     114.58569188679381
362     114.45316132732181
363     114.44493060221919
364     114.30961389937285
365     114.27403824788611
366     114.24692041844223
367     114.19517565196325
368     114.16665639861992
369     114.05818207204831
370     114.05712572810481
371     114.01748869714007
372     113.98224077147538
373     113.83399596099994
374     113.79590147834641
375     113.78025404438854
376     113.78075766056782
377     113.73460194628996
378     113.64068729621522
379     113.55584281687072
380     113.46859269107958
381     113.35410943019313
382     113.42908299925104
383     113.42508613995825
384     113.32192039077394
385     113.28693908969147
386     113.18465545215155
387     113.11854678345306
388     113.14740157869636
389     113.03053629904322
390     113.01018795436308
391     112.9544232518111
392     112.75046482437965
393     112.69495359071999
394     112.76787814078529
395     112.66903206580442
396     112.67179597316894
397     112.35351480749036
398     112.48606984223794
399     112.55758595222923
400     112.4025135859313
401     112.42044126430658
402     112.41697127766675
403     112.404377335315
404     112.32071949052774
405     112.31743653958684
406     112.17831268895456
407     112.12821733397654
408     112.08966900292269
409     112.14728030046042
410     112.01405321772253
411     112.00518731753903
412     111.91964481528383
413     111.97825916702422
414     111.82134063128115
415     111.80705916339295
416     111.78218335770315
417     111.72974058601793
418     111.5236718613241
419     111.54929280954138
420     111.60508711379393
421     111.4212422861616
422     111.54267961363433
423     111.48962903089779
424     111.32858791674924
425     111.34629744014366
426     111.34855899360558
427     111.36920472823121
428     111.16388346336733
429     111.03688146803992
430     111.10136646317856
431     110.96306217898757
432     111.0500376642087
433     111.03907166724463
434     110.86910371959557
435     110.88988531100057
436     110.90430057178764
437     110.85899803505035
438     110.82158000088722
439     110.7700531941422
440     110.75507749618235
441     110.60657990465037
442     110.58630946747613
443     110.60712142666293
444     110.60312979318869
445     110.47317528115947
446     110.50129278924676
447     110.46066488186285
448     110.42890771556284
449     110.36596926681956
450     110.45106433026564
451     110.37199853667329
452     110.32585887579981
453     110.16932825845892
454     110.17192786591644
455     110.20989868415084
456     110.12637923450563
457     110.06831937054423
458     110.12242118490786
459     110.00108592046024
460     110.02299386369512
461     110.01565632623448
462     109.93172668120707
463     109.84149053805237
464     109.8292883686083
465     109.89340293557134
466     109.72192383733842
467     109.70358152558231
468     109.67832737798132
469     109.49261070095234
470     109.7035242958489
471     109.66801268557707
472     109.61569916096946
473     109.5071957508072
474     109.44256437754193
475     109.48732669032135
476     109.39852718404705
477     109.53117345668737
478     109.40311636573453
479     109.36207988835544
480     109.4005820296585
481     109.34953679324728
482     109.29891240230413
483     109.18629194576893
484     109.12905782013884
485     108.97820653555237
486     109.1009906202679
487     108.84959347338327
488     108.96425234066196
489     108.97613239211677
490     108.92237302715786
491     108.92516778145357
492     108.89978474771488
493     108.93759149662803
494     108.87452947972352
495     108.81636589926873
496     108.77658230354449
497     108.67422516245662
498     108.63246737484516
499     108.62638542818586
