0     37.13360339367036
1     362.09759075972863
2     413.5297927129999
3     392.4394095970093
4     365.69624063462425
5     310.2884000422968
6     281.16805954551256
7     261.4608242327078
8     246.25987049480224
9     232.8886118175684
10     221.80996493942806
11     212.56568236266799
12     203.8499383366362
13     198.2784410454203
14     191.92827169491827
15     187.44906754518226
16     182.44154327327902
17     179.25457427450272
18     175.4358913367775
19     172.9060000512011
20     169.50058024255355
21     167.28493433992276
22     164.0411481744004
23     161.42214189355747
24     157.40750725247682
25     153.68336407205325
26     149.64584393780424
27     145.86144552384224
28     141.8640743124375
29     137.97908559935104
30     135.12131315045107
31     132.06424069499084
32     128.94931787636474
33     126.21070917909104
34     123.83254785272683
35     121.6551300489893
36     118.97196050363151
37     117.03176872350174
38     115.13587583215944
39     113.00397306146195
40     110.88537599321468
41     109.11028287435951
42     107.78447503068104
43     106.09074368593058
44     104.55882068718758
45     102.89606570751423
46     101.83048429458702
47     100.33645649042732
48     99.01900269863869
49     97.90960470869453
50     96.73460911614944
51     95.48014444581284
52     94.40219498655618
53     93.38209614390495
54     92.38717309942027
55     91.65631398924856
56     90.21743543180148
57     89.46066688341614
58     88.55134407697273
59     87.84452180389033
60     86.98534704263318
61     86.00589729557736
62     85.55813065423807
63     84.46487152420656
64     83.95883663780106
65     83.40563951520362
66     82.3661957430653
67     81.86883867330866
68     81.11518657897678
69     80.66520784681335
70     79.94310285879094
71     79.38273486282361
72     78.74109815338852
73     78.07885230440056
74     77.66677986959434
75     77.2404521483023
76     76.64052602224366
77     76.29463908953115
78     75.61366616038305
79     75.26288930964003
80     74.70232046411029
81     74.18520116826103
82     73.86042281988834
83     73.43220088905002
84     73.06331881133791
85     72.57653435346003
86     72.11910010822963
87     71.77171308455554
88     71.34143276148194
89     70.85232973296249
90     70.63893051835592
91     70.16231061013664
92     69.81541623686262
93     69.54034479275641
94     69.28388458576752
95     68.82957684082199
96     68.73010471921205
97     68.32238839126283
98     67.91798123408816
99     67.7730712694601
100     67.40799903913272
101     67.12362264314312
102     66.71334381570027
103     66.44442102994466
104     66.15221036392438
105     65.95621930428636
106     65.65688888670124
107     65.38608507235094
108     65.14017174866247
109     64.84035735080067
110     64.4435326053087
111     64.35466664214516
112     64.0755575490245
113     63.87439894871054
114     63.74521531477766
115     63.44082619561041
116     63.23310892181028
117     62.94652275813177
118     62.766906522456274
119     62.597803012210896
120     62.31115287561563
121     62.30025381563483
122     61.93244179034878
123     61.82476213808576
124     61.55060309361586
125     61.277853332378534
126     61.077130284985
127     61.03661556631009
128     60.709381539429394
129     60.60548463722543
130     60.53397558789042
131     60.25568317785958
132     60.151965536747504
133     59.92925539726315
134     59.68378865990539
135     59.53610176619678
136     59.37241586752199
137     59.27367107871687
138     59.17051495575269
139     59.05612306668945
140     58.80587733399164
141     58.653025716834584
142     58.50888510487384
143     58.21824997887675
144     58.227826280688404
145     58.06362792886262
146     57.95832015481896
147     57.77735472451993
148     57.61784245998294
149     57.53246099949388
150     57.36219607953143
151     57.32896390178932
152     57.04927407622654
153     56.977421127633754
154     56.798369342877486
155     56.74012011331092
156     56.59556544060267
157     56.542405620356384
158     56.34714740623647
159     56.31602279972092
160     56.18054198042868
161     56.04260634162018
162     55.822925150894505
163     55.78715957420393
164     55.60257760417062
165     55.51667620319606
166     55.416540512735
167     55.303201504125454
168     55.25339592556734
169     55.07873655034974
170     55.00580656354828
171     54.92680879391054
172     54.79363605786894
173     54.70844323833479
174     54.54255126868328
175     54.514481088832
176     54.4443989971545
177     54.38577894636481
178     54.21940270700456
179     54.175496292808766
180     54.03829937000075
181     53.930621367365084
182     53.846479055654555
183     53.82834613879131
184     53.711720411419634
185     53.609560853000815
186     53.44304043459775
187     53.39910928591043
188     53.39179994413728
189     53.30575789077615
190     53.18105431156775
191     53.143082929462544
192     52.94404144449604
193     52.94126172962442
194     52.79215304501691
195     52.70632618228652
196     52.64889098295515
197     52.62062703167313
198     52.59082366952023
199     52.48311046359624
200     52.42174362266021
201     52.30547968299421
202     52.21695433254895
203     52.183545952156
204     52.08006121651446
205     51.969879655250104
206     51.97851129410832
207     51.871045540776606
208     51.74355880001307
209     51.73631807554137
210     51.659191789069936
211     51.602687034550975
212     51.58654776871407
213     51.4451681956673
214     51.41386932643452
215     51.34876660600395
216     51.262850481711546
217     51.226258555699154
218     51.10965941744449
219     51.062307751735304
220     51.01567946736155
221     50.958905998472204
222     50.871640329051395
223     50.801616827305644
224     50.69904250894637
225     50.706858145189926
226     50.660747125971966
227     50.527185747672675
228     50.516821323414604
229     50.39604111850267
230     50.33081373755827
231     50.28091532457088
232     50.29462418093156
233     50.21666587185316
234     50.209664370999256
235     50.10751491982484
236     50.041005186312056
237     50.04607923226789
238     49.94022950247725
239     49.904027367892134
240     49.79735362959724
241     49.782281330224414
242     49.71799426213141
243     49.69510813553614
244     49.595755280403935
245     49.604943097897625
246     49.53262244648035
247     49.49041963847636
248     49.496882722566596
249     49.4198082526568
250     49.33040844360741
251     49.29034912138387
252     49.22972827109025
253     49.234277472275764
254     49.13643800802073
255     49.1120955018149
256     49.02486807366164
257     48.99718243708924
258     48.99217115834141
259     48.886675400032324
260     48.86761150908211
261     48.81449552797987
262     48.80570347673555
263     48.75046939853066
264     48.643012143829445
265     48.64887407185901
266     48.619362181842796
267     48.55844729678518
268     48.552193476740676
269     48.528315551728845
270     48.41344415978028
271     48.44453856315797
272     48.35926236078351
273     48.314125308185154
274     48.32986850497611
275     48.26548541715909
276     48.22873475789327
277     48.11254113739275
278     48.11200910339766
279     48.10139297307888
280     48.0267250511391
281     47.99945705382024
282     47.95287656158755
283     47.86909261660121
284     47.90929205891901
285     47.77955700709367
286     47.82129572392065
287     47.68862096452897
288     47.76659486236612
289     47.71915117169269
290     47.69518000234544
291     47.645968667422984
292     47.53520733862976
293     47.52641595370291
294     47.49349621591647
295     47.47944934871173
296     47.44866674652775
297     47.47337423085946
298     47.363685990468326
299     47.38852003994494
300     47.28351526325482
301     47.27032075245361
302     47.19190016213548
303     47.18654439595997
304     47.220183274412754
305     47.11625576329662
306     47.06548918465494
307     47.03259308814065
308     47.056928407063644
309     46.96603781957028
310     46.998205553052095
311     46.948715427909846
312     46.880538842588905
313     46.84666760717139
314     46.876313163212444
315     46.87289735495626
316     46.80290591917905
317     46.803090985881326
318     46.73441702753935
319     46.71253896613189
320     46.69140309240096
321     46.612689779061164
322     46.63656410217066
323     46.543613565378834
324     46.57098301763519
325     46.537993371744285
326     46.46413294776416
327     46.494544761198625
328     46.46695344787544
329     46.37976731361182
330     46.371258566076285
331     46.32224959761844
332     46.35280417397549
333     46.31390112340381
334     46.21875736537997
335     46.25392371432674
336     46.27576713186304
337     46.15783273597738
338     46.15151373982224
339     46.17495515684284
340     46.11184454053751
341     46.04729627495207
342     46.08591487466283
343     46.02442638335586
344     46.03805451979254
345     45.95032647685109
346     45.9731889288216
347     45.93626380071236
348     45.95883088675889
349     45.872547663723765
350     45.845894899124076
351     45.86520106181549
352     45.822300648659514
353     45.77322805291384
354     45.729520607546156
355     45.69552081803505
356     45.73563245803118
357     45.672367602687366
358     45.6930662902261
359     45.654079779879204
360     45.60761914659313
361     45.59355920518653
362     45.56196192689565
363     45.52635501207867
364     45.48983253536233
365     45.55963894246852
366     45.530534742110916
367     45.45437636669285
368     45.46336790902552
369     45.42220488977492
370     45.41433552682336
371     45.32936029379287
372     45.315748868066976
373     45.33388035485119
374     45.3425912415726
375     45.28218554515142
376     45.22580826963726
377     45.224715041407954
378     45.21308876210541
379     45.17953454454443
380     45.210796699387146
381     45.18477129448493
382     45.10521682652978
383     45.08862205524636
384     45.10440475940988
385     45.03991040927262
386     45.03216836818832
387     45.03103704076662
388     45.02929269117811
389     45.00619496706417
390     44.9440775623527
391     44.94792245680108
392     44.93581256507153
393     44.950540403635586
394     44.911696197260675
395     44.873881528431276
396     44.85660890545732
397     44.83252754258267
398     44.80345192076879
399     44.83853324436628
400     44.72706509168987
401     44.74267435821323
402     44.742679663197876
403     44.764969712626346
404     44.66555992840286
405     44.706956506096255
406     44.688540376236396
407     44.62649558039464
408     44.64967449658008
409     44.58790218546298
410     44.55720737033692
411     44.55123264391799
412     44.58555136261404
413     44.53874384539319
414     44.46527263717309
415     44.52157268338503
416     44.4860687391748
417     44.4737478299219
418     44.43481941517605
419     44.46383020198653
420     44.35239268242421
421     44.340738875381895
422     44.36936254953125
423     44.39821845225451
424     44.30649476690984
425     44.29353570842843
426     44.29999250706259
427     44.33495963337127
428     44.28230388853659
429     44.24600968904568
430     44.26109190326441
431     44.23319217492683
432     44.18086489595922
433     44.20311620440563
434     44.172930602540966
435     44.164175480906096
436     44.15249146690852
437     44.138720462629415
438     44.111187048538156
439     44.10361524149678
440     44.0790785591831
441     44.07850433456458
442     44.08685894939603
443     44.0328201089332
444     44.04487717298347
445     43.99180484419262
446     44.00001986688485
447     43.95835075298215
448     43.9810898295089
449     43.94070664152836
450     43.99225634080923
451     43.90754406855276
452     43.910473454844556
453     43.94864762616855
454     43.855552483216115
455     43.87476059112344
456     43.870578476500704
457     43.845624006001216
458     43.79933566182418
459     43.77612791714851
460     43.80208804590104
461     43.82591462321963
462     43.73954458455322
463     43.753549051660464
464     43.68388345471661
465     43.694796922648
466     43.68048524883223
467     43.69530804421502
468     43.5992757636566
469     43.657660305334915
470     43.64542214225591
471     43.61362132330025
472     43.63508740354876
473     43.5880434094091
474     43.562736768721244
475     43.531513710748705
476     43.51007962539879
477     43.54305138662238
478     43.51101570027636
479     43.55349618074002
480     43.452222723883445
481     43.48251096637592
482     43.46774927498037
483     43.447270392320085
484     43.47628467080812
485     43.407295494554795
486     43.40526267510273
487     43.38868638892858
488     43.39797162003652
489     43.43837985112195
490     43.40409099776286
491     43.35800472044716
492     43.366962824929196
493     43.34540837954928
494     43.33340818210431
495     43.29847010418588
496     43.301071774092534
497     43.28220445495539
498     43.33379168844719
499     43.235106139784136
