0     49.59303568278917
1     373.88110283846044
2     446.46071778400545
3     441.2113907864856
4     415.80778746374983
5     398.2369213384702
6     362.98269518428793
7     332.5291425883856
8     309.6280999023474
9     289.953493387488
10     273.27295960699905
11     261.82851681025306
12     250.20564075970574
13     240.3987630773013
14     233.13830731903215
15     226.0226327538486
16     220.23718799543258
17     214.12412713162098
18     209.09300335811702
19     205.13211379251305
20     202.58179260256915
21     198.06352860144162
22     194.76337984575886
23     192.07162016737922
24     189.29954794949595
25     186.78873497868346
26     184.34159479786373
27     182.35617080805758
28     180.10600500819825
29     178.84370992647405
30     176.43436034055216
31     173.6871151230862
32     171.14184990879804
33     168.27109047168813
34     165.07111845957155
35     161.8505235562104
36     158.77015417865027
37     156.0598461872671
38     153.47814808115396
39     150.73520089172536
40     148.25153741582724
41     145.79330683842474
42     143.70686680537537
43     141.7179078988495
44     139.2621970745249
45     137.84853942064126
46     135.83606859026705
47     133.74689415746042
48     132.2783849169045
49     130.5112434930024
50     129.0732901284769
51     127.75813273189897
52     125.74522055606866
53     124.67182489650575
54     123.34523327215521
55     121.60033674332527
56     120.68329020775548
57     119.42915593661975
58     118.53596718784392
59     117.08682681600978
60     116.02746820712454
61     114.81834960636415
62     114.07029129423782
63     112.90602086854402
64     112.00029444684944
65     110.96212433488947
66     110.31588408055724
67     109.13722580340614
68     108.30342120073529
69     107.5126968413675
70     106.6143864518952
71     105.96626835417653
72     105.16274520335487
73     104.28556903753743
74     103.45680455715208
75     103.0112969640402
76     102.6080207832899
77     101.59751515118701
78     100.95905774391947
79     100.46141411991992
80     99.82673233074055
81     99.11453766412356
82     98.61404526403409
83     97.84537536230711
84     97.37700576630081
85     96.87023631459307
86     96.25090952762281
87     95.7697238433398
88     95.26589053511758
89     94.84499705985073
90     94.38506465023171
91     93.84294267122759
92     93.32814772291773
93     92.92535645615315
94     92.41813639708258
95     91.8783846077835
96     91.51752059158909
97     91.02082637700667
98     90.69140971829196
99     90.25133849409156
100     89.91869787848451
101     89.46931107984894
102     89.14591718035548
103     88.78439828643141
104     88.41001050789738
105     87.94488013781127
106     87.62417366298916
107     87.22516063817312
108     87.20442876123718
109     86.67002631092865
110     86.28166183951681
111     86.00526364611355
112     85.59255371090484
113     85.43534218728449
114     85.03644245291554
115     84.82942076813501
116     84.41481158814375
117     84.08181751003863
118     84.03587715910344
119     83.57627358887406
120     83.40096215491504
121     83.10475006352374
122     82.78914615892802
123     82.62310339993765
124     82.2961990549314
125     82.05124530888857
126     81.70191648130144
127     81.48665077773049
128     81.36674768956658
129     80.95412957512048
130     80.74253471265965
131     80.54273653733797
132     80.38200452907748
133     80.03004836551285
134     79.9063067799352
135     79.59345308803367
136     79.32131507867251
137     79.12014409206193
138     79.02606000176816
139     78.73140279967858
140     78.65522038079814
141     78.3295644315215
142     78.30232951624077
143     78.08228309660639
144     77.88468206050939
145     77.64865803020066
146     77.3274487714847
147     77.1494310622776
148     77.07818121476411
149     76.78798196043832
150     76.73167574130981
151     76.51643398274965
152     76.27704908766873
153     76.24435137132603
154     76.01930224855771
155     75.78060666543647
156     75.6103443578532
157     75.42138028059179
158     75.34383417968766
159     75.1704723753867
160     74.99899785141203
161     74.89671930136078
162     74.61926230923595
163     74.55962330823684
164     74.33636901240462
165     74.26358655738163
166     74.18525635998546
167     73.95754360381487
168     73.78259619163546
169     73.59317864400448
170     73.5493875445838
171     73.46137676881993
172     73.33641041804904
173     73.08973882737178
174     73.05467302166204
175     72.86400086883268
176     72.78988713747368
177     72.64715560168833
178     72.4546810290264
179     72.31019049164038
180     72.13164317758344
181     72.04853426217285
182     72.00242130027593
183     71.938720837596
184     71.70256550064533
185     71.59612453900883
186     71.52484401015339
187     71.37410807923709
188     71.34115066462226
189     71.1734145413237
190     71.13227487455221
191     70.83252125740704
192     70.90300023479706
193     70.68328312429477
194     70.6066123057792
195     70.47403996368246
196     70.34834138647622
197     70.30672320299738
198     70.24092123846202
199     70.01155228057446
200     70.0008162861433
201     69.86894894959306
202     69.80509028344562
203     69.65391652953826
204     69.6056890724519
205     69.44001648202432
206     69.38627945504867
207     69.33259677459128
208     69.16420628447126
209     69.04332822453773
210     69.12575932726963
211     68.93919327336573
212     68.78424594692434
213     68.77072604376002
214     68.66148893760594
215     68.56308026183777
216     68.51236742996436
217     68.4606370963428
218     68.35989768599573
219     68.16248121074337
220     68.08220110461858
221     68.11671333930435
222     68.00995641601376
223     67.87935922821113
224     67.82874308415472
225     67.67457969174285
226     67.65326524962782
227     67.59051465897976
228     67.44083982374207
229     67.38331105613132
230     67.34476699904607
231     67.26921770221115
232     67.21391665972959
233     67.05056802306385
234     67.0680048228418
235     66.98431475627132
236     66.84263552316875
237     66.80924642784713
238     66.74561528310295
239     66.67876753813337
240     66.65351964822939
241     66.5388146279328
242     66.44010480145
243     66.4283510501348
244     66.35549162320741
245     66.21443178621492
246     66.1146446614618
247     66.15225915817331
248     66.14245388122161
249     66.00070903322099
250     65.94876452800813
251     65.83068964453491
252     65.8212862047593
253     65.74519379229314
254     65.67341099578785
255     65.69001353346947
256     65.54777927433291
257     65.45702117481733
258     65.51654858218347
259     65.42993737177987
260     65.30896618994652
261     65.16113373125768
262     65.15262734856587
263     65.08198160053999
264     65.1216228934547
265     65.00379116852527
266     64.95068265316719
267     64.95794047448113
268     64.85092738343596
269     64.80808597259772
270     64.71112930707604
271     64.6607720122062
272     64.60181460179035
273     64.58412403912372
274     64.455195804552
275     64.46225368160309
276     64.47069652492534
277     64.38453477002244
278     64.34653402402355
279     64.22633110404968
280     64.20578720785966
281     64.1888482591495
282     64.11633181929837
283     64.02214307362132
284     64.00592904466322
285     63.991854428729454
286     63.8764683556835
287     63.89565347709127
288     63.84213836924718
289     63.817189989118454
290     63.67861771104508
291     63.61954983872644
292     63.553246564133495
293     63.55948390125591
294     63.51066546512513
295     63.46458798528342
296     63.44984284505699
297     63.31229156453039
298     63.359467356410306
299     63.291465207292205
300     63.13210637237789
301     63.14442751721148
302     63.178447116124495
303     63.129358398636576
304     63.074894225765384
305     62.943504486063624
306     62.91026143432231
307     62.943125834363165
308     62.941202573977314
309     62.886349188642356
310     62.82155058104511
311     62.824348385307005
312     62.703730892161666
313     62.60919408470403
314     62.60470337736775
315     62.6150812761177
316     62.54876352664708
317     62.56415417136866
318     62.44831567478422
319     62.507007330920786
320     62.342205798597995
321     62.35080841806317
322     62.290049538252454
323     62.255525220124355
324     62.26311022099704
325     62.228658228315496
326     62.145862424780105
327     62.10677002502025
328     62.07033396794457
329     62.01352170419403
330     62.09978437887285
331     61.964459127410784
332     61.89420228313364
333     61.933435694697145
334     61.85124272149405
335     61.825536819610114
336     61.81770833963836
337     61.74577261681753
338     61.625793474219535
339     61.67021975125749
340     61.65109799385004
341     61.64665422174926
342     61.588910534515946
343     61.56183729362122
344     61.47269900248443
345     61.485182550422095
346     61.456384751104736
347     61.49540196922142
348     61.358600008199936
349     61.352210041282625
350     61.28695112802168
351     61.29192614175518
352     61.16546866980084
353     61.20593205184109
354     61.197744457312616
355     61.185266416120086
356     61.148470518439666
357     61.09076378296761
358     61.01506880265571
359     61.016436574033776
360     60.98441574500905
361     60.91942950070306
362     60.932267806949966
363     60.840538472190566
364     60.821177904535446
365     60.8157481759547
366     60.82307975698241
367     60.73243044328332
368     60.739551129167204
369     60.68056422124963
370     60.672773846277266
371     60.71145173277928
372     60.60732073163541
373     60.563909235048776
374     60.573052863735754
375     60.510788276407
376     60.52684790993842
377     60.40080593535662
378     60.46139837604327
379     60.44998678239263
380     60.4095964972586
381     60.401875829134035
382     60.346739686571055
383     60.29781828955316
384     60.241697298515675
385     60.26659416800759
386     60.162362451806885
387     60.172391979175536
388     60.17960809356745
389     60.088362442021
390     60.11599856177593
391     60.139875227151045
392     60.0419338840829
393     60.07257983284954
394     59.99911109967466
395     60.03319434513407
396     60.00009598667598
397     59.961200417437475
398     59.93519279245788
399     59.87225179727596
400     59.887034048004104
401     59.84084305569079
402     59.80405820441061
403     59.711293970702144
404     59.723649546786476
405     59.68003440198673
406     59.66580361841664
407     59.632684044100195
408     59.670838163988925
409     59.64504965093556
410     59.603097488643435
411     59.5480667059706
412     59.49937460079124
413     59.53389593244371
414     59.50976926425774
415     59.46537909034104
416     59.47837089421151
417     59.43832909055317
418     59.32537244536672
419     59.40214117681931
420     59.33351985850734
421     59.34088889271051
422     59.28083076629328
423     59.31651750012048
424     59.26107998357825
425     59.22906316325859
426     59.2549304155884
427     59.22669126196328
428     59.11788586217702
429     59.198626134626686
430     59.13652076408147
431     59.176066164802194
432     59.101367291958326
433     59.029064757713506
434     59.040961116701304
435     59.0157097702697
436     58.97908256889956
437     58.96650624763477
438     58.93548488978734
439     58.90423332369559
440     58.965250140248564
441     58.8653818350294
442     58.85619982199498
443     58.85259044234027
444     58.84945910296817
445     58.833402933913256
446     58.77984222250064
447     58.76430012630134
448     58.70678094677748
449     58.75809897674841
450     58.69470114299026
451     58.728524297678575
452     58.66751793813435
453     58.68094188045292
454     58.66537129501756
455     58.55525554641199
456     58.60193032175777
457     58.596623083973554
458     58.5790758586561
459     58.49770734251972
460     58.50196557533793
461     58.52877906895706
462     58.45068289450955
463     58.47734621309736
464     58.48615535789745
465     58.41624316004126
466     58.46275996020746
467     58.3702744320863
468     58.38929712428875
469     58.30570935227583
470     58.33292279486684
471     58.36894247337097
472     58.25968759038388
473     58.28341327126864
474     58.217576907496024
475     58.23950463222709
476     58.217320092765114
477     58.19074104455071
478     58.20732497438862
479     58.19262700178616
480     58.13871234446925
481     58.10503142409697
482     58.12277369112877
483     58.12423902105306
484     58.024137089547395
485     58.03179077467109
486     58.06113676330432
487     58.00559474223669
488     57.97191523579779
489     58.00170574228659
490     57.91087853915597
491     57.95422626278595
492     57.945291608718605
493     57.944376843404896
494     57.9130216757866
495     57.958766217007714
496     57.87118856882227
497     57.8772607091086
498     57.8403626923012
499     57.827533995167094
